67 55 55 55
55 55 55 55
55 55 55 55
65 55 55 55
55 55 55 55
55 55 55 55
63 55 55 55
55 55 55 55
55 55 55 55
62 55 55 55
55 55 55 55
55 62 50 50
50 50 50 50
50 50 50 50
50 60 50 50
50 50 50 50
50 50 50 50
50 58 50 50
50 50 50 50
50 50 50 50
50 57 50 50
50 50 50 50
50 50 62 60
58 57 55 54
52 50 48 46
45 43 62 60
58 57 55 54
52 50 48 46
45 43 67 65
63 62 60 58
57 55 53 51
50 48 70 69
67 65 63 62
60 58 57 55
53 51 70 69
67 65 63 62
60 58 57 55
53 51 74 72
70 69 67 66
64 62 60 58
57 55 74 72
70 69 67 66
64 62 60 58
57 55 74 72
70 69 67 66
64 62 60 58
57 55 74 72
70 69 67 66
64 62 60 58
57 55 74 72
70 69 67 66
64 62 60 58
57 62 55 55
55 62 55 55
55 62 55 55
55 50 57 58
60 62 64 66
67 69 50 57
58 60 62 64
66 67 69 55
58 60 62 63
66 67 69 70
50 62 64 66
67 69 70 72
74 50 57 58
60 62 64 66
67 69 50 57
58 60 62 64
66 67 69 55
58 60 62 63
66 67 69 70
50 62 64 66
67 69 70 72
74 70 67 62
58 70 67 62
58 70 67 62
58 62 58 55
50 62 58 55
50 62 58 55
50 55 50 48
45 55 50 48
45 55 50 48
45 55 47 50
55 47 50 55
47 50 55 47
50 55 47 50
55 47 50 55
48 51 55 48
51 55 48 51
55 48 51 55
48 51 55 48
51 55 49 52
55 49 52 55
49 52 55 49
52 55 49 52
55 49 52 57
50 53 57 50
53 57 50 53
57 50 53 57
50 53 57 50
53 57 50 52
57 50 52 57
50 52 57 50
52 57 50 52
57 50 52 57
49 52 57 49
52 57 49 52
57 49 52 57
49 52 57 49
52 53 50 52
53 55 57 59
61 62 57 59
61 62 64 65
67 69 62 64
65 67 69 71
