64 68 68 68
66 64 71 71
69 68 68 68
66 64 71 71
69 68 69 71
69 68 66 63
59 64 68 68
68 66 64 71
71 69 68 68
68 66 64 71
71 69 68 69
71 69 68 66
64 71 69 68
69 71 73 71
64 71 69 68
69 71 73 71
64 73 71 69
68 66 64 66
68 66 68 66
68 64 68 64
64 71 69 68
69 71 73 71
64 71 69 68
69 71 73 71
64 73 71 69
68 66 64 66
68 66 68 66
68 64 66 71
73 71 71 73
71 71 73 71
71 73 71 71
73 71 71 73
71 71 71 71
71 71 71 71
71 71 71 71
71 71 71 71
73 75 76 75
73 71 69 68
66 64 76 76
76 76 76 64
66 64 66 64
66 64 66 64
66 63 64 76
76 76 76 76
64 66 64 66
64 66 63 64
71 76 71 73
71 76 71 73
71 76 71 73
71 76 71 73
71 76 71 73
71 76 71 73
71 64 68 69
68 69 68 69
66 68 68 69
68 69 68 69
66 68 68 69
68 69 68 69
66 68 68 69
68 69 68 69
66 68 76 76
76 78 76 78
76 78 76 78
76 78 76 78
76 78 75 76
76 76 76 78
76 78 76 78
76 78 76 78
76 78 76 78
75 76 64 71
69 68 69 71
73 71 64 71
69 68 69 71
73 71 64 73
71 69 68 66
64 66 68 66
68 66 68 66
68 64 56 57
59 57 59 57
56 57 56 57
59 57 59 57
56 57 56 57
59 57 59 57
56 57 56 57
59 61 59 61
63 64 63 64
66 64 66 64
63 64 63 64
66 64 66 64
63 64 63 64
66 68 66 68
69 68 69 68
66 69 68 66
68 66 64 63
61 59 57 56
57 56 57 59
57 59 57 56
57 56 57 59
57 59 57 56
57 56 57 59
57 59 57 56
68 69 68 66
68 69 68 66
59 66 64 63
64 66 68 66
59 66 64 63
64 66 68 66
59 68 66 64
63 61 59 61
63 61 63 61
63 59 61 59
47 47 47 47
47 47 47 47
47 47 47 47
47 47 47 47
47 47 47 47
47 47 47 47
47 47 47 47
47 47 47 59
61 63 64 66
68 69 71 59
61 63 64 66
68 69 71 47
47 47 47 47
47 47 47 47
47 47 47 47
47 47 47 45
45 45 45 45
45 45 45 45
45 45 45 45
45 45 45 71
68 71 76 71
76 71 68 71
76 71 76 71
68 71 75 71
75 71 68 71
75 71 75 73
73 70 73 78
73 78 73 70
73 78 73 78
73 70 73 76
73 76 73 70
73 76 73 76
75 75 72 75
80 75 80 75
72 75 80 75
80 75 72 75
78 75 78 75
72 75 78 75
78 76 76 73
76 80 76 80
76 73 76 80
76 80 75 71
75 80 75 80
75 71 75 80
75 80 73 69
73 78 73 78
73 69 73 78
73 78 71 68
71 76 71 76
71 68 71 76
71 76 69 66
69 75 69 75
69 66 69 75
69 75 68 64
68 73 68 73
68 64 68 73
68 73 68 63
68 73 68 73
68 63 68 73
68 73 68 63
68 72 68 72
68 63 68 72
68 72 73 61
68 66 64 66
68 69 68 61
68 66 64 66
68 69 68 61
69 68 66 64
63 61 63 64
63 64 63 64
61 63 61 68
68 68 68 68
68 68 69 69
70 70 71 71
72 72 73 75
73 75 73 75
73 75 73 75
73 75 73 75
73 75 73 75
73 75 73 75
73 75 73 75
73 75 73 75
73 75 73 75
73 75 73 75
73 75 73 75
73 75 73 75
73 75 73 75
73 75 73 75
73 75 73 75
73 75 73 75
71 73 73 75
73 75 73 73
75 73 75 73
73 75 73 75
73 75 73 75
73 75 73 75
73 75 73 75
73 75 73 75
73 75 71 73
73 75 73 75
73 75 73 75
73 75 73 75
73 75 73 75
73 75 73 75
73 75 73 75
73 75 73 75
73 75 71 73
68 68 68 66
68 69 69 68
66 66 66 64
66 68 68 69
71 71 71 71
69 68 68 68
68 69 71 71
71 71 69 68
68 68 68 69
71 71 71 69
68 66 59 61
59 63 61 64
63 66 64 68
66 69 68 71
69 59 57 61
59 63 61 64
63 66 64 68
66 69 68 71
69 68 64 66
64 68 64 66
64 69 64 66
64 69 64 66
64 71 64 66
64 71 64 66
64 73 75 76
76 71 76 71
73 71 76 71
73 71 76 71
73 71 76 71
76 68 66 68
66 68 66 68
64 66 64 68
69 71 73 71
64 71 69 68
69 71 73 71
64 73 71 69
68 66 64 66
68 66 68 66
68 64 66 64
64 71 69 68
69 71 73 71
64 71 69 68
69 71 73 71
64 73 71 69
68 66 64 66
68 66 68 66
68 64 66 64
80 76 73 80
78 80 72 75
80 84 82 80
78 80 75 76
75 73 80 76
73 81 78 75
80 76 73 78
72 68 76 73
83 78 75 78
82 79 78 79
78 79 78 79
78 79 78 79
78 79 78 76
79 80 80 76
73 80 78 80
72 75 80 76
75 73 80 76
73 81 80 81
78 75 84 82
84 80 84 80
83 73 73 78
81 72 68 78
76 75 73 75
73 75 73 75
73 75 73 75
73 75 73 71
75 73 73 78
81 72 68 78
76 75 73 75
73 75 73 75
73 75 73 75
73 75 73 71
75 73 68 69
68 68 69 69
71 69 68 69
68 68 69 69
71 69 68 69
71 71 69 68
68 66 68 66
68 66 68 66
68 66 64 68
66 64 66 64
66 64 66 64
66 64 63 66
68 69 68 68
69 69 71 69
68 69 68 68
69 69 71 69
68 69 71 71
69 68 66 71
66 63 61 59
71 69 68 68
66 68 66 68
66 64 68 66
71 71 71 71
63 64 66 66
68 69 69 68
66 66 64 63
63 64 66 66
68 69 69 68
66 68 69 68
73 71 69 68
69 68 73 71
69 68 64 66
68 66 64 71
73 71 76 75
73 71 68 66
64 71 73 71
76 75 73 71
68 66 64 71
69 68 66 64
74 73 71 73
76 74 73 71
69 73 71 70
68 66 76 75
73 75 78 76
75 73 71 75
73 71 69 68
78 76 75 76
80 78 76 80
78 76 75 78
76 75 78 76
75 73 76 75
73 76 75 73
71 75 73 71
75 73 71 69
73 71 69 73
71 69 68 72
73 69 68 72
73 69 68 73
71 69 68 66
64 68 73 63
68 72 73 64
64 66 64 64
66 66 68 66
64 66 64 64
66 66 68 66
64 66 68 68
66 64 64 63
64 63 64 63
64 63 64 63
61 64 63 68
69 66 68 64
66 63 68 69
66 68 64 66
63 68 69 71
71 69 68 69
66 68 69 69
68 66 68 71
69 68 66 64
68 71 69 68
66 64 68 73
71 70 73 71
70 71 70 71
75 73 71 66
71 66 63 75
73 71 66 71
66 63 66 64
63 59 63 66
71 59 61 63
64 66 68 69
69 59 59 68
66 69 68 66
68 59 59 52
54 56 57 59
61 62 62 62
52 61 59 62
61 59 61 52
52 57 59 61
62 64 66 67
67 57 57 66
64 67 66 64
66 57 57 59
61 62 64 66
68 69 69 59
59 68 66 69
68 66 68 59
59 71 69 59
59 68 66 71
69 66 66 71
69 66 68 66
64 76 75 73
71 76 59 64
75 73 71 73
69 69 71 68
68 71 66 66
71 68 68 66
64 76 59 64
75 73 71 73
69 71 68 71
66 71 68 66
64 68 66 71
64 71 68 71
68 71 71 73
75 76 69 66
69 69 71 73
75 69 66 69
69 71 73 75
68 64 68 68
69 71 73 68
64 68 68 69
71 73 66 63
66 66 68 69
71 66 63 66
66 68 69 71
68 64 71 71
73 75 76 71
68 71 71 73
75 76 70 64
70 70 71 73
71 70 64 70
70 71 73 64
63 59 66 66
68 70 71 66
63 66 66 68
70 71 66 61
66 66 68 70
71 66 61 66
66 68 70 71
66 61 66 66
68 70 68 66
61 66 66 68
70 66 71 70
68 66 64 63
66 63 59 54
51 59 47 68
69 68 68 69
69 71 69 68
69 68 68 69
69 71 69 68
69 71 71 69
68 68 66 67
69 67 67 69
67 66 66 67
66 66 67 66
64 64 66 64
64 66 64 63
68 69 66 67
64 65 68 69
67 66 64 71
65 68 69 71
64 66 67 69
63 60 59 69
67 66 64 72
71 69 59 60
61 62 63 64
66 67 69 59
59 60 61 62
63 64 66 67
69 59 71 69
67 65 69 67
65 64 67 65
64 75 76 75
72 71 70 59
71 69 59 69
67 59 67 66
59 66 64 59
71 69 59 69
67 59 67 66
59 66 64 59
57 59 60 62
60 62 64 66
64 66 67 69
67 69 66 67
66 64 66 59
59 68 69 68
68 69 69 71
69 68 69 68
68 69 69 71
69 68 69 71
71 69 68 66
64 63 63 64
66 66 68 69
69 68 66 66
64 63 63 64
66 66 68 69
69 68 66 68
73 71 69 68
69 68 73 71
69 68 66 64
66 64 66 64
66 64 66 64
66 64 66 64
63 66 64 73
71 69 68 69
68 73 71 69
68 66 64 66
64 66 64 66
64 66 64 66
64 63 66 64
64 68 68 68
66 64 71 71
69 68 68 68
66 64 71 71
69 68 69 71
69 68 66 63
59 64 68 68
68 66 64 71
71 69 68 68
68 66 64 71
71 69 68 69
71 69 68 66
64 71 69 68
69 71 73 71
64 71 69 68
69 71 73 71
64 73 71 69
68 66 64 66
68 66 68 66
68 64 68 64
64 71 69 68
69 71 73 71
64 71 69 68
69 71 73 71
64 73 71 69
68 66 64 66
68 66 68 66
68 64 66 64
71 71 71 71
71 71 71 71
71 71 71 71
71 71 71 71
71 71 71 71
71 73 75 76
75 73 71 69
68 66 64 76
76 76 76 76
64 66 64 66
64 66 64 66
64 66 63 64
76 76 76 76
76 64 66 64
66 64 66 63
64 68 69 68
69 68 69 66
68 68 69 68
69 68 69 66
68 68 69 68
69 68 69 66
68 68 69 68
69 68 69 66
68 71 76 71
73 71 76 71
73 71 76 71
73 71 76 71
73 71 76 71
73 71 76 71
73 71 64 76
76 76 78 76
78 76 78 76
78 76 78 76
78 76 78 75
76 76 76 76
78 76 78 76
78 75 76 64
71 69 68 69
71 73 71 64
71 69 68 69
71 73 71 64
73 71 69 68
66 64 66 68
66 68 66 68
66 68 64 56
57 59 57 59
57 56 57 56
57 59 57 59
57 56 57 56
57 59 57 59
57 56 57 56
57 59 61 59
61 63 64 63
64 66 64 66
64 63 64 63
64 66 64 66
64 63 64 63
64 66 68 66
68 69 68 69
68 66 69 68
66 68 66 64
63 61 59 57
56 57 56 57
59 57 59 57
56 57 56 57
59 57 59 57
56 57 56 57
59 57 59 57
56 68 69 68
66 68 69 68
66 59 66 64
63 64 66 68
66 59 66 64
63 64 66 68
66 59 68 66
64 63 61 59
61 63 61 63
61 63 59 61
59 47 47 47
47 47 47 47
47 47 47 47
47 47 47 47
47 47 47 47
47 47 47 47
47 47 47 47
47 47 47 47
59 61 63 64
66 68 69 71
59 61 63 64
66 68 69 71
47 47 47 47
47 47 47 47
47 47 47 47
47 47 47 47
45 45 45 45
45 45 45 45
45 45 45 45
45 45 45 45
56 51 44 45
45 45 45 45
45 45 45 45
45 45 45 45
45 45 45 58
53 46 47 47
47 47 47 47
47 47 47 47
47 47 47 47
47 47 60 55
48 49 49 49
49 49 49 49
49 49 49 49
49 49 49 49
49 61 56 49
47 47 47 47
47 47 47 47
47 47 47 47
47 47 47 47
57 52 45 56
56 56 56 56
56 56 56 56
56 56 56 56
56 56 56 66
61 54 52 52
52 52 52 52
52 52 49 49
49 49 49 49
49 49 44 44
44 44 44 44
44 44 44 44
44 44 44 44
44 44 44 44
44 44 44 44
44 44 44 44
44 44 44 44
44 44 61 56
49 61 68 66
64 66 68 69
68 61 68 66
64 66 68 69
68 61 69 68
66 64 63 61
63 64 63 64
63 64 61 63
61 61 61 61
61 61 61 63
64 64 65 65
66 66 67 67
68 69 68 69
68 69 68 69
68 69 68 69
68 69 68 69
68 69 68 69
68 69 66 68
69 68 69 68
69 68 69 68
69 68 69 68
69 68 69 68
69 68 69 68
69 66 68 69
68 69 68 69
68 69 68 69
68 69 68 69
68 69 68 68
68 66 68 69
69 68 66 66
66 64 66 68
68 69 71 71
71 71 69 68
68 68 68 69
71 71 71 71
69 68 68 68
68 69 71 71
71 69 68 66
59 61 59 63
61 64 63 71
69 68 69 71
73 71 64 71
69 68 69 71
73 71 64 73
71 69 68 66
64 66 68 66
68 66 68 64
66 64 64 71
69 68 69 71
73 71 64 71
69 68 69 71
73 71 64 73
71 69 68 66
64 66 68 66
68 66 68 64
66 64 56 57
56 57 56 57
56 57 56 61
59 57 56 57
56 57 56 57
56 57 56 61
59 57 56 57
56 57 56 57
56 57 56 57
60 61 63 64
63 64 63 64
63 64 63 68
66 64 63 64
63 64 63 64
63 64 63 68
66 64 63 64
63 64 63 64
63 64 63 64
66 63 64 66
64 66 64 66
64 66 64 66
64 66 52 54
52 54 52 54
52 54 52 54
52 54 64 66
64 66 64 66
64 66 64 66
64 66 63 64
63 64 63 64
63 64 63 64
63 64 63 64
63 64 63 64
63 64 63 64
63 64 61 63
61 63 61 63
61 63 61 63
61 63 61 63
61 63 61 63
61 63 61 63
61 63 60 61
60 61 60 61
60 61 60 61
60 63 64 66
64 66 64 66
64 66 64 66
64 66 63 64
63 64 63 64
63 64 63 64
63 64 63 64
63 64 63 64
63 64 63 64
63 61 59 61
59 61 59 61
59 61 59 64
63 61 59 61
59 61 59 61
59 61 59 64
63 57 56 57
56 57 56 57
56 57 56 61
59 57 56 57
56 57 56 57
56 57 56 57
60 61 63 64
63 64 63 64
63 64 63 64
66 63 64 66
64 66 64 66
64 66 64 66
64 66 64 66
64 66 64 66
64 66 64 66
64 63 61 63
61 63 61 63
61 63 61 63
64 61 66 68
66 68 66 68
66 68 66 68
66 64 63 64
63 64 63 64
63 64 63 64
66 63 68 69
68 69 68 69
68 69 68 69
68 69 68 69
68 69 68 69
68 69 68 69
68 69 57 59
57 59 57 59
57 59 57 59
57 61 63 64
63 64 63 64
63 64 63 64
63 64 61 63
61 63 60 61
60 61 60 61
60 63 64 66
64 66 64 66
64 66 64 66
64 66 57 59
57 59 57 59
57 59 57 59
57 61 63 64
63 64 63 64
63 64 63 64
63 64 61 63
61 63 60 61
60 61 60 61
60 63 64 66
64 66 64 66
64 66 64 66
64 66 52 54
52 54 52 54
52 54 52 54
52 54 52 68
69 68 68 69
69 71 69 68
69 68 68 69
69 71 69 68
69 71 71 69
68 68 66 68
66 68 66 68
66 68 66 64
68 66 64 66
64 66 64 66
64 66 64 63
66 68 69 68
68 69 69 71
69 68 69 68
68 69 69 71
69 68 69 71
71 69 68 66
71 66 63 61
59 71 69 68
68 66 68 66
68 66 64 68
66 71 71 71
71 63 64 66
66 68 69 69
68 66 66 64
63 63 64 66
66 68 69 69
68 66 68 69
68 73 71 69
68 69 68 73
71 69 68 64
66 64 64 66
66 68 66 64
66 64 64 66
66 68 66 64
66 68 68 66
64 64 63 64
63 64 63 64
63 64 63 61
64 63 68 69
66 68 64 66
63 68 69 66
68 64 66 63
68 69 71 71
69 68 69 66
68 69 69 68
66 68 71 69
68 66 64 68
71 69 68 66
64 68 73 71
70 73 71 70
71 70 71 66
64 63 66 64
63 64 59 57
56 59 57 56
57 64 62 61
64 62 61 62
66 64 63 66
64 63 64 68
66 64 63 68
66 64 63 68
66 63 64 73
71 69 68 73
71 69 68 73
71 69 68 71
71 71 71 71
71 71 71 71
71 71 71 69
69 69 69 69
69 69 69 69
69 69 69 68
68 68 68 68
68 68 68 68
68 68 68 66
66 66 66 66
66 66 66 66
66 66 66 68
68 68 68 68
68 68 68 68
68 68 68 70
70 70 70 70
70 70 70 70
70 70 70 66
66 66 66 66
66 71 71 71
71 71 71 71
71 71 71 71
71 71 71 71
71 71 71 70
70 70 70 70
70 70 70 70
70 70 70 71
54 68 69 68
68 69 69 71
69 68 69 68
68 69 69 71
69 68 69 71
71 69 68 68
66 67 69 67
67 69 67 66
66 67 66 66
67 66 64 64
66 64 64 66
64 63 68 69
66 67 64 65
68 69 67 66
64 71 65 68
69 71 64 66
67 69 63 60
59 69 67 66
64 72 71 69
68 69 68 68
69 69 71 69
68 69 68 68
69 69 71 69
68 69 71 71
69 68 66 64
63 63 64 66
66 68 69 69
68 66 66 64
63 63 64 66
66 68 69 69
68 66 68 73
71 69 68 69
68 73 71 69
68 66 64 66
64 66 64 66
64 66 64 66
64 66 64 63
66 64 73 71
69 68 69 68
73 71 69 68
66 64 66 64
66 64 66 64
66 64 66 64
63 66 64 59
64 64 64 64
68 68 66 64
64 64 64 68
68 66 64 66
68 66 64 63
59 64 64 64
64 68 68 66
64 64 64 64
68 68 66 64
66 68 66 64
63 68 68 66
64 66 68 69
68 68 68 66
64 66 68 69
68 68 69 68
66 64 63 64
68 68 66 64
66 68 69 68
68 68 66 64
66 68 69 68
68 69 68 66
64 63 64 69
68 69 68 69
68 69 68 69
66 68 69 68
69 68 69 68
69 68 69 66
68 71 69 68
66 64 71 69
68 66 64 69
68 69 68 69
68 69 68 69
66 68 69 68
69 68 69 68
69 68 69 66
68 71 69 68
66 64 71 69
68 66 64 71
69 68 66 64
68 69 68 69
68 69 68 69
68 69 68 69
68 69 68 69
68 69 68 69
68 69 68 69
68 69 68 69
68 69 68 69
68 69 68 69
68 69 66 68
68 69 68 69
68 69 66 68
68 69 68 69
68 69 66 68
68 69 68 69
68 69 66 68
68 69 68 69
68 69 66 68
68 69 68 69
68 69 66 68
68 69 68 69
68 69 66 68
68 69 68 69
68 69 66 68
64 71 64 66
64 71 64 66
64 71 64 66
64 71 64 66
64 71 64 66
64 71 64 66
64 64 68 66
64 66 68 69
68 64 68 66
64 66 68 69
68 68 69 68
66 64 63 64
52 54 56 54
56 54 52 54
52 54 56 54
56 54 52 54
52 54 56 54
56 54 52 54
52 54 56 57
56 57 59 61
59 61 63 61
63 61 59 61
59 61 63 61
63 61 59 61
59 61 63 64
63 64 66 64
66 64 63 66
64 63 64 63
61 59 57 56
54 52 54 52
54 56 54 56
54 52 54 52
54 56 54 56
54 52 54 52
54 56 54 56
54 52 64 66
64 63 64 66
64 63 63 63
61 59 61 63
64 63 63 63
61 59 61 63
64 63 63 64
63 61 59 58
59 47 47 47
47 47 47 47
47 47 47 47
47 47 47 47
47 47 47 47
47 47 47 47
47 47 47 47
47 47 47 47
59 61 63 64
66 68 69 71
59 61 63 64
66 68 69 71
47 47 47 47
47 47 47 47
47 47 47 47
47 47 47 47
45 45 45 45
45 45 45 45
45 45 45 45
45 45 45 45
56 51 44 45
45 45 45 45
45 45 45 45
45 45 45 45
45 45 45 58
53 46 47 47
47 47 47 47
47 47 47 47
47 47 47 47
47 47 60 55
48 49 49 49
49 49 49 49
49 49 49 49
49 49 49 49
49 61 56 49
47 47 47 47
47 47 47 47
47 47 47 47
47 47 47 47
57 52 45 56
56 56 56 56
56 56 56 56
56 56 56 56
56 56 56 66
61 54 52 52
52 52 52 52
52 52 49 49
49 49 49 49
49 49 44 44
44 44 44 44
44 44 44 44
44 44 44 44
44 44 44 44
44 44 44 44
44 44 44 44
44 44 44 44
44 44 61 56
49 61 64 63
61 63 64 66
64 64 64 63
61 63 64 66
64 64 66 64
63 61 60 61
64 66 64 66
64 66 64 66
64 66 64 66
64 66 64 66
64 66 64 66
64 66 63 64
66 64 66 64
66 64 66 64
66 64 66 64
66 64 66 64
66 64 66 64
66 63 64 66
64 66 64 66
64 66 64 66
64 66 64 66
64 66 64 64
64 63 64 66
66 64 63 63
63 61 63 64
64 66 68 68
68 68 66 64
64 64 64 66
68 68 68 68
66 64 64 64
64 66 68 68
68 66 64 63
68 66 64 66
68 69 68 68
68 66 64 66
68 69 68 68
69 68 66 64
63 64 68 68
66 64 66 68
69 68 68 68
66 64 66 68
69 68 68 69
68 66 64 63
64 52 54 52
54 52 54 52
54 52 57 56
54 52 54 52
54 52 54 52
54 52 57 56
54 52 54 52
54 52 54 52
54 52 54 56
57 60 61 60
61 60 61 60
61 60 64 63
61 60 61 60
61 60 61 60
61 60 64 63
61 60 61 60
61 60 61 60
61 60 61 63
60 61 63 61
63 61 63 61
63 61 63 61
63 49 51 49
51 49 51 49
51 49 51 49
51 61 63 61
63 61 63 61
63 61 63 61
63 52 52 66
68 66 68 66
68 66 68 59
61 59 61 59
61 59 61 59
61 59 61 52
52 64 66 64
66 64 66 64
66 57 59 57
59 57 59 57
59 57 59 57
59 51 51 63
64 63 64 63
64 63 54 56
57 56 57 56
57 56 57 56
57 56 57 58
58 58 58 59
61 59 61 58
58 58 58 58
58 56 58 56
58 56 58 56
58 56 61 58
57 56 58 56
58 56 58 56
58 56 57 56
54 52 54 52
54 52 54 52
54 52 57 56
54 52 54 52
54 52 54 52
54 52 54 56
57 60 61 60
61 60 61 60
61 60 61 63
60 61 63 61
63 61 63 61
63 61 63 61
63 61 63 61
63 61 63 61
63 61 63 61
59 57 59 57
59 57 59 57
59 57 59 61
57 63 64 63
64 63 64 63
64 63 64 63
61 60 61 60
61 60 61 60
61 60 61 63
60 63 63 63
63 63 63 64
66 64 66 64
66 64 66 64
66 64 66 54
56 54 56 54
56 54 56 54
56 54 56 54
56 54 56 54
56 54 56 54
56 54 56 56
56 56 56 56
60 61 63 61
63 61 63 61
63 61 63 61
63 54 56 54
56 54 56 54
56 54 56 54
57 54 56 54
56 54 56 54
56 54 56 54
57 56 56 56
56 56 60 61
63 61 63 61
63 61 63 61
63 61 63 54
56 54 56 54
56 54 56 54
56 54 56 49
64 66 64 64
66 66 68 66
64 66 64 64
66 66 68 66
64 66 68 68
66 64 64 63
64 66 64 64
66 66 68 66
64 66 64 64
66 66 68 66
64 66 68 68
66 64 63 71
71 71 71 71
66 63 61 59
71 69 68 68
66 68 66 68
66 64 68 66
59 61 63 63
64 66 66 64
63 63 61 59
59 61 63 63
64 66 66 64
63 64 66 64
69 68 66 64
66 64 69 68
66 64 61 63
61 61 63 63
64 63 61 63
61 61 63 63
64 63 61 63
64 64 63 61
61 59 61 59
61 59 61 59
61 59 57 61
60 64 63 61
60 64 63 61
60 64 66 63
64 66 64 59
56 64 66 64
59 56 64 70
68 66 70 68
66 66 64 63
63 64 66 61
61 63 68 68
68 68 68 68
68 68 68 68
68 68 66 66
66 66 66 66
66 66 66 66
66 66 64 64
64 64 64 64
64 64 64 64
64 64 63 63
63 63 63 63
63 63 63 63
63 63 64 64
64 64 64 64
64 64 64 64
64 64 64 64
64 64 64 64
64 64 64 64
64 64 63 63
63 63 63 63
63 63 63 63
63 63 61 61
61 61 61 61
61 61 61 61
61 61 61 61
61 61 61 61
61 61 61 61
61 61 63 63
64 66 64 64
66 66 68 66
64 66 64 64
66 66 68 66
64 66 68 68
66 64 64 63
64 66 64 64
66 64 63 62
64 62 62 64
62 61 60 62
60 60 60 60
59 62 60 59
67 60 62 64
63 64 67 66
64 71 66 64
62 69 64 62
60 66 64 63
66 64 67 66
64 63 64 66
64 64 66 66
68 66 64 66
64 64 66 66
68 66 64 66
68 68 66 64
63 61 59 59
61 63 63 64
66 66 64 63
63 61 59 59
61 63 63 64
66 66 64 63
64 69 68 66
64 66 64 69
68 66 64 63
64 69 68 66
64 66 64 69
68 66 64 63
64 56 59 59
59 59 52 56
57 59 59 59
59 52 56 57
59 59 61 61
54 56 59 59
59 59 52 56
57 59 59 59
59 52 56 57
59 59 61 61
54 56 52 52
57 52 52 52
52 57 52 52
57 52 63 59
59 56 59 52
52 57 52 59
52 52 57 52
52 57 52 63
59 59 56 59
52 52 57 52
59 52 52 57
52 59 52 56
63 59 59 56
47 47 47 47
47 47 47 47
47 47 47 47
47 47 47 47
54 54 54 54
54 54 54 54
54 54 54 51
51 51 51 47
47 47 47 47
47 47 47 47
47 47 47 47
47 47 47 47
47 47 54 47
47 52 47 54
47 47 52 47
54 52 47 51
58 54 54 51
47 47 47 47
47 47 47 47
47 47 47 47
47 47 47 47
47 47 47 47
47 47 47 47
47 47 47 47
47 47 47 47
47 47 47 47
47 47 47 47
47 47 47 47
47 47 47 47
47 47 47 45
45 45 45 45
45 45 45 45
45 45 45 45
45 45 45 44
45 45 45 45
45 45 45 45
45 45 45 45
45 45 45 45
46 47 47 47
47 47 47 47
47 47 47 47
47 47 47 47
47 48 49 49
49 49 49 49
49 49 49 49
49 49 49 49
49 49 49 47
47 47 47 47
47 47 47 47
47 47 47 47
47 47 47 45
56 56 56 56
56 56 56 56
56 56 56 56
56 56 56 56
54 52 52 52
52 52 52 52
52 49 49 49
49 49 49 49
49 44 44 44
44 44 44 44
44 44 44 44
44 44 44 44
44 44 44 44
44 44 44 44
44 44 44 44
44 44 44 44
44 49 56 49
49 54 49 56
49 49 54 49
56 54 49 54
60 56 56 52
52 52 52 52
49 49 54 57
57 57 54 51
47 47 47 47
47 47 47 47
47 47 47 47
47 47 47 47
47 47 47 47
47 47 47 47
47 52 52 57
52 59 52 52
57 52 59 57
52 56 63 59
59 56 59 52
52 57 52 59
52 52 57 52
59 57 52 56
63 59 59 56
49 49 49 49
49 49 44 44
44 44 44 44
49 49 49 49
49 49 47 47
52 52 45 45
51 51 44 44
49 49 49 49
51 51 44 44
44 44 49 49
49 49 44 44
49 49 49 49
54 54 51 51
56 56 54 54
49 49 54 54
44 44 44 44
49 49 45 45
44 44 44 44
49 49 49 49
49 59 47 54
51 54 51 56
54 52 52 51
54 51 54 51
56 54 52 52
51 59 57 57
51 47 52 52
59 52 52 47
56 44 52 59
56 57 56 52
59 56 57 56
56 61 61 59
61 61 59 57
59 57 59 59
57 56 51 47
51 47 54 56
54 54 54 54
54 54 54 54
54 54 54 54
54 54 47 47
47 47 47 47
47 47 47 47
47 47 54 54
54 54 54 54
54 54 54 54
54 54 54 54
54 54 54 54
54 54 54 54
54 54 47 47
59 59 60 54
57 59 52 60
54 59 59 56
52 57 57 54
50 55 55 52
48 47 57 54
51 47 52 54
50 52 47 51
47 52 57 54
55 52 54 59
57 51 47 52
52 59 52 52
59 59 56 52
52 59 52 52
59 59 56 40
40 40 40 40
40 40 40 40
40 40 33 34
35 40 40 40
40 40 40 40
40 40 40 40
33 34 35 40
40 40 40 40
40 40 40 40
40 40 35 40
28 47 35 28
40 40 40 40
40 40 40 40
40 40 40 40
28 47 35 28
40 40 40 40
40 40 40 40
40 40 40 35
40 28 47 35
40 40 40 40
40 40 40 40
40 40 40 40
40 40 40 40
35 35 35 35
35 35 35 35
35 35 35 35
35 35 35 35
40 40 40 40
40 40 40 40
40 40 40 40
40 40 40 40
40 35 40 35
40 35 40 35
39 35 39 35
39 35 39 35
40 35 40 35
40 35 40 35
42 35 42 35
42 35 42 35
40 35 40 35
40 35 40 35
39 35 39 35
39 35 39 35
40 35 40 35
40 35 40 35
35 35 35 35
35 35 35 35
35 35 35 35
42 47 35 42
30 35 35 35
35 35 35 35
35 35 35 35
35 35 35 35
35 35 35 35
35 35 35 35
35 35 35 35
35 35 35 35
35 35 35 35
35 35 35 35
35 35 35 35
35 35 35 35
35 35 35 35
35 33 33 33
33 33 33 33
33 33 33 33
33 33 33 33
33 32 33 33
33 33 33 33
33 33 33 33
33 33 33 33
33 33 34 35
35 35 35 35
35 35 35 35
35 35 35 35
35 35 35 36
37 37 37 37
37 37 37 37
37 37 37 37
37 37 37 37
37 35 35 35
35 35 35 35
35 35 35 35
35 35 35 35
35 33 44 44
44 44 44 44
44 44 44 44
44 44 44 44
44 44 42 40
40 40 40 40
40 40 40 37
37 37 37 37
37 37 37 32
32 32 32 32
32 32 32 32
32 32 32 32
32 32 32 32
32 32 32 32
32 32 32 32
32 32 32 32
32 32 32 37
37 37 37 37
37 37 37 37
37 37 37 44
49 37 44 32
37 37 37 37
42 42 42 42
35 35 35 35
40 40 40 35
40 40 40 35
40 40 40 35
40 40 40 35
40 40 40 35
40 40 40 35
35 40 40 42
42 44 44 45
44 42 40 40
40 35 40 40
40 40 40 40
40 40 40 40
35 40 28 47
35 28 40 40
40 40 40 40
40 40 40 40
40 35 40 28
47 35 28 40
35 40 35 40
44 40 45 46
42 47 48 44
49 49 48 47
46 45 44 44
42 42 40 40
40 40 37 33
42 38 44 43
32 28 37 44
37 39 36 37
42 44 42 40
39 37 39 36
37 42 44 42
40 39 37 42
44 45 45 44
42 37 42 44
45 45 44 42
35 37 39 39
37 35 40 42
44 44 42 40
35 37 39 39
37 35 40 42
44 44 42 40
40 39 37 35
35 37 39 40
42 35 35 35
35 39 35 28
44 40 33 49
45 38 39 35
40 35 40 40
35 40 47 45
47 47 45 47
35 43 45 43
45 45 43 45
45 45 47 35
35 47 52 50
52 44 42 40
45 44 45 36
35 33 50 48
50 42 40 38
43 42 43 35
33 31 48 47
48 40 38 36
45 44 45 47
45 47 48 47
48 47 45 47
40 52 51 50
49 48 47 40
52 51 50 49
48 35 40 35
40 35 40 40
28 47 35 40
28 47 35 28
54 54 54 54
54 54 54 54
54 54 54 54
54 54 54 54
54 54 54 54
54 54 54 54
54 54 54 54
54 54 54 54
54 54 54 54
58 58 61 60
61 61 60 61
60 60 60 60
60 61 60 61
60 64 64 64
62 64 62 38
38 49 47 44
38 38 49 47
44 38 38 56
52 47 38 38
56 52 47 38
38 56 59 38
37 49 57 35
52 56 35 51
38 52 52 52
52 52 52 52
52 52 52 45
46 47 52 52
52 52 52 52
52 52 52 52
52 47 52 38
59 47 38 52
52 52 52 52
52 52 52 52
52 52 52 38
59 47 38 52
52 52 52 52
52 52 52 52
52 52 47 52
38 59 47 52
52 52 52 52
52 52 52 52
52 52 52 52
52 52 52 47
47 47 47 47
47 47 47 47
47 47 47 47
47 47 47 52
52 52 52 52
52 52 52 52
52 52 52 52
52 52 52 52
47 52 47 52
47 52 47 51
47 51 47 51
47 51 47 52
47 52 47 52
47 52 47 47
47 47 47 52
47 52 47 52
47 52 47 51
47 51 47 51
47 51 47 52
47 52 47 52
47 52 47 47
47 47 47 47
47 47 47 47
47 47 47 59
47 42 47 47
47 47 47 47
47 47 47 47
47 47 47 47
47 47 47 47
47 47 47 47
47 47 47 47
47 47 47 47
47 47 47 47
47 47 47 47
47 47 47 47
47 47 47 47
47 47 47 47
47 47 45 45
45 45 45 45
45 45 45 45
45 45 45 45
45 45 44 45
45 45 45 45
45 45 45 45
45 45 45 45
45 45 45 46
47 47 47 47
47 47 47 47
47 47 47 47
47 47 47 47
48 49 49 49
49 49 49 49
49 49 49 49
49 49 49 49
49 47 47 47
47 47 47 47
47 47 47 47
47 47 47 47
47 45 56 56
56 56 56 56
56 56 56 56
56 56 56 56
56 56 52 52
52 52 52 52
52 52 49 49
49 49 49 49
49 49 44 44
44 44 44 44
44 44 44 44
44 44 44 44
44 44 44 44
44 44 44 44
44 44 44 44
44 44 44 44
44 44 49 49
49 49 49 49
49 49 49 49
49 49 56 49
56 44 49 49
49 49 47 47
47 47 52 52
52 47 52 52
52 47 52 52
52 47 52 52
52 47 52 52
52 47 52 52
52 47 47 52
52 56 56 57
56 52 52 52
47 52 52 52
52 52 52 52
52 52 52 47
52 38 59 47
38 52 52 52
52 52 52 52
52 52 52 52
47 52 38 59
47 38 52 47
52 47 52 56
52 57 59 56
59 57 56 56
52 52 52 52
49 56 44 49
56 49 51 48
49 56 52 51
49 51 48 49
56 52 51 49
56 57 57 56
49 56 57 57
56 47 49 51
51 49 47 52
56 56 52 47
49 51 51 49
47 52 56 56
52 52 51 49
47 47 49 51
52 47 47 47
47 51 47 38
56 52 45 57
48 51 47 52
47 52 52 47
52 59 57 59
59 57 59 47
55 57 55 57
57 55 57 57
57 59 47 47
59 56 52 57
56 57 48 47
45 52 48 55
55 47 45 43
59 52 48 48
57 56 57 59
57 59 59 59
57 59 52 59
52 47 52 47
52 47 52 52
38 59 47 52
38 59 47 38
