80 73 76 80
76 73 80 73
76 80 76 73
80 73 76 80
76 73 80 73
76 80 76 73
78 71 75 78
75 71 78 71
75 78 75 71
76 69 73 76
73 69 76 69
73 76 73 69
76 68 71 76
71 68 76 68
71 76 71 68
75 66 69 75
69 66 75 66
69 75 69 66
73 64 68 73
68 64 76 68
73 76 73 68
75 68 72 75
72 68 75 68
72 75 72 68
78 69 73 78
73 69 78 69
73 78 73 69
76 69 73 76
73 69 75 69
73 75 73 69
76 68 73 76
73 68 76 68
73 76 73 68
75 68 72 75
72 68 75 68
72 75 72 68
73 66 69 73
69 66 73 66
69 73 69 66
71 64 68 71
68 64 71 64
68 71 68 64
71 59 63 71
63 59 71 59
63 71 63 59
69 61 64 69
64 61 69 61
64 69 64 61
68 59 64 68
64 59 68 59
64 68 64 59
76 69 73 76
73 69 76 69
73 76 73 69
76 68 73 76
73 68 76 68
73 76 73 68
75 68 72 75
72 68 75 68
72 75 72 68
75 68 72 75
72 68 75 68
72 75 72 68
72 68 72 75
72 68 72 68
72 75 72 68
72 68 72 75
72 68 72 68
72 75 72 68
