67 65 62 65
68 70 68 67
65 67 62 62
70 67 70 67
70 62 70 67
70 67 70 74
79 77 74 77
80 82 80 79
77 79 74 75
77 75 74 71
72 68 68 70
68 67 65 67
62 68 70 68
67 65 67 62
65 68 70 68
67 65 67 62
65 67 62 65
67 62 74 74
79 77 79 81
79 74 74 74
79 77 79 81
79 74 75 74
72 70 72 70
72 74 75 74
75 77 79 77
79 80 82 80
82 84 86 84
82 80 82 80
79 77 79 77
75 74 75 74
72 70 72 70
72 74 75 74
75 77 79 77
79 80 82 80
82 84 86 84
82 80 82 80
79 77 79 77
75 74 75 74
75 77 79 77
75 74 75 74
75 74 75 74
72 70 72 70
72 74 75 74
72 70 72 70
68 67 68 69
70 67 68 69
70 74 73 72
71 70 69 68
67 74 73 72
71 70 69 68
67 79 78 77
76 75 74 73
72 79 78 77
76 75 74 73
72 67 66 65
64 63 62 61
60 67 66 65
64 63 62 61
60 67 65 62
65 68 70 68
67 65 67 62
64 68 65 66
63 63 65 66
68 65 66 63
65 67 65 62
65 68 70 68
67 65 67 62
63 70 67 70
67 67 69 70
72 70 67 70
70 72 74 75
72 75 77 75
77 78 77 75
72 70 66 64
61 64 66 64
61 58 66 64
61 58 70 73
71 70 73 71
70 71 73 75
77 78 77 75
73 71 70 73
71 70 73 71
70 71 73 75
77 78 77 75
73 71 70 70
71 76 69 70
71 76 76 78
76 76 78 76
76 79 78 74
76 79 81 79
79 81 79 79
82 81 77 79
82 83 84 83
83 84 83 83
86 84 81 83
83 71 84 72
83 71 83 71
84 72 83 71
83 71 86 74
84 72 81 69
83 71 87 75
87 78 81 69
69 68 69 68
66 68 66 64
61 61 66 69
73 73 78 81
81 77 73 69
66 72 69 66
70 70 69 70
69 67 69 67
65 62 62 67
70 62 74 79
82 82 79 74
74 74 79 82
82 79 74 86
82 79 76 74
70 86 82 79
76 74 70 81
69 77 70 74
69 77 70 81
73 82 81 77
70 74 69 77
70 81 69 86
74 62 84 72
81 73 77 69
79 67 76 68
76 68 81 77
74 77 81 82
81 77 74 77
81 86 84 81
84 86 84 81
84 88 64 88
86 84 81 79
77 77 76 74
72 70 70 69
67 62 58 62
58 62 58 62
58 62 58 62
58 62 58 62
58 62 58 62
58 62 58 62
58 72 70 72
70 69 70 69
67 63 63 67
70 74 77 79
77 74 77 79
67 79 78 79
78 77 78 77
76 73 73 76
79 79 71 71
64 79 71 79
71 83 71 71
64 83 71 83
71 79 71 64
83 71 83 71
79 71 64 83
71 83 71 83
71 83 71 83
71 83 71 83
71 83 71 83
71 83 71 83
71 83 71 83
71 83 71 83
71 83 71 83
71 83 71 83
71 85 73 85
73 85 73 85
73 85 73 85
73 83 71 83
71 83 71 83
71 83 71 83
71 83 71 83
71 83 71 83
71 83 71 83
71 83 71 83
71 83 71 83
71 83 71 83
71 85 73 85
73 85 73 85
73 85 73 85
73 83 83 85
87 87 85 83
83 85 87 87
85 83 83 85
87 87 85 83
83 85 87 87
85 83 82 83
82 80 82 80
78 75 75 80
83 85 82 80
78 75 78 75
70 75 70 82
83 82 83 82
80 82 80 78
75 75 80 83
87 85 87 85
80 83 87 85
87 85 80 83
87 88 87 88
83 86 87 88
87 88 83 86
64 64 64 86
84 80 64 64
64 86 84 80
86 84 82 80
79 77 86 84
82 80 79 77
80 79 77 74
72 68 80 79
77 74 72 68
74 72 70 68
67 65 74 72
70 68 67 65
67 65 67 65
67 65 67 65
67 65 67 65
67 66 62 63
67 66 62 63
69 68 64 65
69 68 64 65
75 72 69 72
75 77 75 79
78 79 78 77
76 75 72 69
72 75 77 75
81 80 81 81
80 81 82 82
82 84 84 84
82 82 82 84
84 84 70 70
72 70 70 72
70 70 72 70
70 72 79 74
77 74 74 77
74 82 80 74
80 79 74 77
74 79 74 74
65 74 66 74
62 82 79 82
79 82 86 70
67 70 67 70
74 79 77 74
77 80 82 80
79 77 79 74
75 67 65 67
62 63 59 60
67 65 67 63
64 67 63 67
63 67 63 72
67 72 75 72
75 67 63 67
63 67 63 72
67 72 75 72
75 79 75 79
75 79 75 79
75 79 75 79
75 79 75 79
75 79 75 79
75 79 75 79
75 82 78 82
78 82 78 82
78 82 78 82
78 82 78 82
78 82 78 82
78 82 78 82
78 85 83 80
83 87 85 83
80 82 80 78
80 85 86 84
80 84 88 86
84 80 82 80
78 80 86 85
83 74 66 66
74 83 81 74
66 66 74 81
80 78 74 74
76 78 69 62
62 69 78 78
69 62 62 69
78 78 71 62
62 71 78 78
71 62 62 71
78 78 69 62
62 69 78 78
69 62 62 69
78 78 71 62
62 71 78 74
68 59 59 68
74 69 66 57
57 66 69 69
66 57 57 66
69 69 66 57
57 66 69 69
66 57 57 66
69 66 62 66
62 66 62 66
62 66 62 66
62 66 62 66
62 66 62 66
62 66 62 66
62 60 64 63
64 63 62 63
62 72 70 72
70 69 70 69
67 69 70 72
70 72 70 69
70 69 67 69
70 74 72 70
67 70 72 74
72 70 67 70
72 86 84 82
79 82 84 86
84 82 79 82
84 79 79 77
77 86 86 84
84 82 82 84
84 86 86 84
84 82 82 79
79 77 77 74
74 79 79 77
77 74 74 72
72 70 70 72
72 74 74 72
72 70 70 67
67 65 65 62
62 72 72 70
70 67 67 74
74 72 72 70
70 77 77 74
74 72 72 79
79 77 77 74
74 82 82 79
79 77 77 84
84 82 82 79
79 86 86 84
84 82 82 64
64 86 86 84
84 64 79 67
79 67 58 60
58 60 60 58
60 58 58 60
58 58 62 67
62 58 62 58
62 67 70 69
68 67 68 68
63 62 60 59
56 63 56 63
56 63 58 60
63 58 60 62
64 62 64 66
67 66 67 69
70 69 70 72
74 72 74 75
77 75 74 72
74 72 70 69
70 69 67 65
67 65 63 62
64 62 64 66
67 66 67 69
70 69 70 72
74 72 74 75
77 75 74 72
74 72 70 69
70 72 75 69
70 69 67 65
67 65 67 68
70 68 70 72
74 72 74 75
77 75 77 79
80 79 77 75
77 75 74 72
74 72 70 68
70 68 67 65
67 65 67 68
70 68 70 72
74 72 74 75
77 75 77 79
80 79 77 75
77 75 74 72
74 72 70 68
70 68 70 72
74 72 70 68
70 68 70 68
70 68 67 65
67 65 67 68
70 68 67 65
67 65 63 62
65 65 65 65
64 62 61 60
58 69 67 66
65 64 69 67
66 65 64 63
62 61 60 67
66 65 64 63
62 61 60 67
66 65 64 64
62 59 62 59
63 59 62 60
63 58 57 60
63 58 57 59
63 62 59 62
59 63 59 62
60 66 62 66
62 62 66 67
66 67 62 67
62 70 66 70
72 70 72 73
72 70 66 63
60 70 66 70
72 70 72 73
72 70 66 64
61 72 70 66
64 61 62 63
62 65 66 65
63 65 63 65
63 65 62 63
62 65 66 65
63 65 63 65
63 65 62 65
63 63 68 66
68 70 68 70
71 70 68 70
68 66 68 66
65 66 65 63
65 63 62 63
62 65 66 65
63 65 63 65
63 65 62 63
62 65 66 65
63 65 63 65
63 65 62 65
63 65 68 66
68 70 68 70
71 70 68 70
68 66 68 66
65 66 65 63
65 63 62 63
62 63 62 63
62 63 62 63
62 63 62 64
62 64 62 64
62 64 62 64
62 64 62 67
62 61 67 61
62 67 62 61
67 61 62 64
62 64 62 64
62 64 62 64
62 64 60 70
67 62 70 67
60 70 67 62
70 67 60 70
67 62 70 67
60 70 67 62
70 67 64 72
70 65 72 70
64 72 70 65
72 70 64 72
70 65 72 70
64 72 70 67
72 70 69 78
75 70 78 76
69 78 75 70
78 76 69 78
72 71 76 67
69 78 75 69
78 75 75 78
75 76 79 76
75 78 75 76
79 75 75 78
78 76 79 72
75 78 75 78
81 78 81 78
81 84 81 84
84 72 57 57
61 66 69 63
69 73 73 69
63 61 57 62
61 57 58 58
62 67 70 76
70 74 74 70
64 64 67 67
64 64 70 74
74 70 64 76
74 70 67 64
65 76 74 70
67 64 67 73
65 74 65 65
74 65 69 65
70 69 74 65
65 62 74 65
73 65 77 69
62 75 63 76
64 74 62 72
63 64 71 64
71 69 65 69
65 69 65 69
65 69 65 69
65 69 65 69
65 69 65 69
65 69 65 69
65 69 65 69
65 69 65 69
65 69 65 69
65 69 65 69
65 69 65 69
65 69 65 69
65 72 69 72
69 72 69 72
69 72 69 72
69 72 69 72
69 72 69 72
69 72 69 72
69 72 69 72
69 72 69 72
69 72 69 72
69 72 69 72
69 72 69 81
72 81 72 81
72 81 77 81
77 81 77 81
77 81 77 81
77 81 77 81
77 81 77 77
74 77 74 77
74 74 71 74
71 74 71 74
71 74 71 74
71 74 71 74
71 74 71 74
71 74 71 74
71 69 65 69
65 69 65 69
65 69 65 69
65 69 65 69
65 69 65 65
62 65 62 65
62 62 58 62
58 62 58 62
58 62 58 62
58 62 58 62
58 62 58 62
58 62 58 62
58 72 70 69
67 67 55 67
55 67 55 67
55 67 55 67
55 67 55 67
55 67 55 67
55 67 55 67
55 67 55 67
55 67 55 67
55 67 55 67
55 67 55 67
55 67 55 67
55 67 55 67
55 67 65 67
65 67 65 67
65 67 65 67
65 67 65 67
65 67 65 67
65 67 65 67
65 67 65 67
65 67 65 67
65 67 65 67
65 67 65 67
65 67 65 67
65 67 65 67
65 67 67 67
66 66 67 66
66 66 65 65
66 65 64 61
61 64 67 71
67 71 67 71
67 71 67 71
67 71 67 71
67 71 67 71
67 71 67 71
67 71 67 71
67 71 67 71
67 71 67 71
67 71 67 71
67 71 67 71
67 71 67 71
67 71 67 79
76 67 79 79
76 67 67 79
75 75 75 75
75 75 75 75
75 75 75 75
75 75 75 75
75 75 77 77
77 77 77 77
75 75 75 75
75 75 75 75
75 75 75 75
75 75 75 75
75 75 77 77
77 77 77 77
75 75 77 80
80 77 75 75
77 80 80 77
75 75 77 80
80 77 75 75
77 80 80 77
75 68 71 77
70 71 77 70
73 77 68 70
71 68 71 66
71 66 64 71
64 71 64 71
73 70 73 74
70 68 70 66
70 66 70 66
63 66 63 58
66 63 58 61
66 66 70 73
75 68 71 76
70 71 77 70
73 76 68 70
71 68 71 66
71 66 65 71
65 71 75 77
78 69 73 79
73 76 80 73
77 77 68 71
78 71 75 79
73 76 80 73
77 77 68 71
81 77 81 80
76 81 80 76
80 71 74 77
80 81 77 81
80 76 81 80
76 80 71 74
77 80 84 79
80 76 77 74
84 79 80 76
77 74 76 77
73 74 71 72
76 77 73 74
71 72 72 67
68 64 65 62
72 67 68 64
65 62 64 65
61 62 59 60
64 65 61 62
59 60 59 60
59 60 59 60
59 60 59 60
59 60 59 60
59 60 59 60
61 62 61 62
61 62 66 60
67 68 60 69
70 60 69 68
60 67 72 67
72 71 66 71
70 66 70 69
65 68 60 62
60 62 60 62
60 62 60 62
60 62 72 74
72 71 74 72
75 76 76 76
78 78 78 76
76 76 78 78
78 60 60 66
60 60 66 60
60 66 60 60
66 67 65 62
65 62 70 68
62 68 67 65
67 70 62 72
62 62 55 79
78 77 76 58
55 58 55 58
62 70 69 68
67 73 71 69
67 66 62 60
59 58 67 65
67 62 63 61
62 60 57 60
57 60 57 63
60 63 67 63
67 60 57 60
57 60 57 63
60 63 67 63
67 70 67 70
67 70 67 70
67 70 67 70
67 70 67 70
67 70 67 70
67 70 67 70
67 73 70 73
70 73 70 73
70 73 70 73
70 73 70 73
70 73 70 73
70 73 70 73
70 76 73 76
73 76 73 78
75 78 75 78
75 76 73 76
73 76 73 78
75 78 75 78
75 76 73 76
73 76 73 78
75 78 75 78
75 76 73 76
73 76 73 78
75 78 75 78
75 76 73 76
73 76 73 78
75 78 75 78
75 76 73 76
73 76 73 78
75 78 75 78
75 76 73 76
73 76 73 78
75 78 75 78
75 76 73 76
73 76 73 78
75 78 75 78
75 78 74 78
74 78 74 80
76 80 76 80
76 78 74 78
74 78 74 80
76 80 76 80
76 78 74 78
74 78 74 80
76 80 76 80
76 78 74 78
74 78 74 80
76 80 76 80
76 78 74 78
74 78 74 80
76 80 76 80
76 78 74 78
74 78 74 80
76 80 76 80
76 78 74 78
74 78 74 80
76 80 76 80
76 78 74 78
74 78 74 80
76 80 76 80
76 74 73 74
73 71 73 71
68 66 62 66
68 71 68 66
62 66 68 71
69 71 69 68
69 68 66 68
69 71 69 71
69 68 69 68
66 64 62 61
62 61 60 61
60 61 62 61
62 61 60 61
60 60 59 60
59 58 59 58
68 67 68 67
66 67 62 62
62 63 63 63
64 64 64 66
66 66 67 67
67 66 66 66
65 65 65 64
64 64 63 63
63 64 64 64
65 65 65 66
66 66 67 67
67 66 66 66
65 65 65 64
64 64 63 63
63 64 64 64
65 65 65 66
66 66 65 65
65 64 64 62
60 60 60 62
62 64 65 65
65 64 64 62
60 60 60 62
62 64 77 76
74 72 74 76
77 76 74 72
74 76 79 79
77 77 74 74
72 72 70 70
72 72 74 74
72 72 70 70
67 67 65 65
62 62 79 79
77 77 74 74
72 72 70 70
72 72 74 74
72 72 70 70
67 67 65 65
62 62 72 72
70 70 67 67
74 74 72 72
70 70 77 77
74 74 72 72
79 79 77 77
74 74 82 82
79 79 77 77
84 84 82 82
79 79 86 86
84 84 82 82
77 77 86 86
84 84 79 70
62 70 62 50
50 53 50 50
50 50 55 53
54 55 54 53
52 55 58 55
54 53 52 55
58 62 63 65
61 60 59 62
65 59 60 59
62 64 60 56
60 56 53 59
60 60 62 58
60 62 58 53
55 57 58 57
58 60 62 60
62 63 65 63
65 67 69 67
69 70 72 70
69 67 69 67
65 63 65 63
62 60 62 60
58 57 58 57
58 60 62 60
62 63 65 63
65 67 69 67
69 70 72 70
69 67 69 67
65 63 65 67
70 65 67 65
63 62 63 62
63 65 67 65
67 68 70 68
70 72 74 72
74 75 77 75
74 72 74 72
70 68 70 68
67 65 67 65
63 62 63 62
63 65 67 65
67 68 70 68
70 72 74 72
74 75 77 75
74 72 74 72
70 68 70 68
67 65 67 65
67 68 70 68
67 65 67 65
67 65 67 65
63 62 63 62
63 65 67 65
63 62 63 62
60 58 58 59
60 61 62 61
60 59 58 59
60 61 64 65
66 67 63 64
65 66 69 63
64 65 66 69
57 58 59 60
53 55 56 57
57 58 59 60
53 55 56 57
58 59 62 58
62 59 56 59
49 51 54 56
59 49 51 54
56 58 59 62
58 62 59 56
60 58 60 58
58 60 62 63
62 58 62 67
66 62 66 68
66 68 70 68
66 62 60 56
60 58 54 64
61 58 54 64
61 58 54 56
59 56 56 59
56 56 59 63
61 59 58 56
59 68 56 56
59 68 56 56
59 63 61 59
58 56 59 52
57 52 59 52
57 52 56 57
59 64 66 64
64 66 64 64
67 66 62 64
67 69 67 67
69 67 67 70
69 65 67 70
71 72 71 71
72 71 71 74
72 69 71 69
70 69 69 70
69 69 72 71
67 69 72 75
78 69 69 48
49 48 49 49
50 51 52 53
54 57 61 65
57 61 63 63
61 57 54 51
57 54 51 49
50 49 50 50
51 52 53 54
55 58 60 67
58 62 64 64
62 58 58 62
62 58 58 62
64 64 62 58
70 67 64 60
70 67 70 67
64 60 67 64
61 57 62 58
62 57 62 58
61 57 62 58
62 57 62 58
61 57 69 62
57 68 60 69
61 65 63 55
64 59 64 59
69 70 58 71
59 72 60 73
61 74 62 75
63 76 64 75
63 76 64 76
74 72 69 65
64 62 62 64
65 65 57 55
53 50 52 53
63 65 63 65
63 65 63 65
63 65 63 65
63 65 63 62
63 62 62 55
62 55 62 55
62 55 62 55
62 55 61 55
61 55 61 55
61 55 61 55
61 55 62 55
62 55 62 55
62 55 62 55
62 55 61 55
61 55 61 55
61 55 61 55
61 55 63 60
63 60 63 60
62 58 62 58
62 58 61 57
61 57 61 57
60 56 60 56
60 56 59 55
59 55 59 55
59 55 59 55
59 55 59 55
59 55 59 55
64 59 64 59
64 59 64 66
64 66 64 66
64 66 64 66
64 66 64 66
64 66 64 66
64 66 64 66
64 66 64 66
64 66 64 66
64 66 62 61
63 63 61 63
65 67 65 67
65 67 65 67
65 65 68 71
71 68 65 65
68 71 71 68
65 65 68 71
71 68 65 65
68 71 71 68
63 59 63 64
60 64 65 61
65 64 60 64
63 59 63 59
63 59 63 59
63 63 59 58
61 58 66 62
58 66 63 58
58 60 58 58
61 58 66 63
58 66 61 58
73 70 66 63
59 63 64 60
64 65 61 65
64 60 64 63
59 63 59 63
59 59 63 59
68 64 63 59
63 66 64 67
70 65 68 71
65 71 65 59
63 66 64 67
70 65 68 71
65 71 65 74
73 72 71 65
68 74 73 72
71 65 68 77
71 72 67 68
72 77 71 72
67 68 72 67
68 64 65 67
68 67 68 64
65 67 68 65
59 60 55 56
60 65 59 60
55 56 60 55
56 52 53 55
56 55 56 52
53 55 56 55
56 55 56 55
56 55 56 55
56 55 56 55
53 50 53 56
58 56 55 53
50 53 56 54
54 57 55 52
55 58 60 58
57 55 52 55
58 56 56 50
51 52 53 54
55 56 57 63
61 62 66 60
67 68 60 69
70 60 69 68
60 67 75 72
74 72 71 74
72 72 72 72
70 70 70 72
72 72 70 70
70 64 64 58
64 64 58 64
64 58 64 64
58 62 58 62
60 58 53 60
53 60 53 62
58 62 60 62
58 62 58 60
54 55 70 67
70 67 70 74
67 66 65 64
62 64 63 62
61 65 62 60
59 58 59 56
55 54 53 54
55 56 53 55
53 55 53 55
57 58 57 60
62 60 53 55
53 55 53 55
57 58 57 60
62 60 63 65
63 65 63 65
63 65 63 65
63 65 63 65
63 65 63 65
63 65 63 65
63 65 66 68
66 68 66 68
66 68 66 68
66 68 66 68
66 68 66 68
66 68 66 68
66 68 68 71
68 71 68 71
68 71 68 71
68 71 68 71
68 71 68 71
68 71 68 71
68 71 68 71
68 71 68 71
68 71 68 71
68 71 68 71
68 71 68 71
68 71 68 71
68 71 68 70
68 70 68 70
68 70 68 70
68 70 68 70
68 70 68 70
68 70 68 70
68 70 68 70
68 70 68 70
68 70 68 70
68 70 68 70
68 70 68 71
68 71 68 64
68 64 69 57
66 62 59 59
56 54 66 62
59 59 56 54
59 57 59 57
56 57 56 54
56 57 59 57
59 57 56 57
56 54 52 50
49 50 49 48
49 48 49 50
49 50 49 48
49 48 54 54
54 55 55 55
56 56 56 57
57 57 58 58
58 59 59 59
60 60 60 61
61 61 62 62
62 63 63 63
64 64 64 65
65 65 68 67
68 67 66 67
63 63 63 62
62 62 61 61
61 60 60 60
59 59 59 60
60 60 61 61
61 62 62 62
63 63 63 62
62 62 61 61
61 60 60 60
59 59 59 60
60 60 61 61
61 62 62 62
58 58 58 55
55 65 64 64
64 65 65 67
58 58 58 55
55 65 64 64
64 65 65 67
70 67 65 64
65 67 70 67
65 64 65 67
67 67 65 65
62 62 60 60
58 58 60 60
62 62 60 60
58 58 55 55
53 53 50 50
55 55 53 53
62 62 60 60
58 58 60 60
62 62 60 60
58 58 55 55
53 53 50 50
60 60 58 58
55 55 62 62
60 60 58 58
65 65 62 62
60 60 67 67
65 65 62 62
70 70 67 67
65 65 72 72
70 70 67 67
74 74 72 72
70 70 77 77
74 74 72 72
67 67 55 67
55 43 44 46
44 41 43 44
43 46 44 43
43 48 53 48
51 51 44 51
44 44 47 50
51 52 53 59
60 56 53 56
55 53 53 55
50 56 55 53
53 55 50 54
55 54 55 57
58 57 58 60
62 60 62 63
65 63 65 67
69 67 65 63
65 63 62 60
62 60 58 57
58 57 55 54
55 54 55 57
58 57 58 60
62 60 62 63
65 63 65 67
69 67 65 63
65 63 62 60
62 63 67 65
58 58 63 62
63 65 63 58
58 58 63 62
63 65 63 58
65 63 58 65
63 58 65 63
58 50 49 48
55 48 55 60
53 60 53 53
55 56 57 57
58 59 60 53
55 56 57 57
58 59 60 51
56 55 56 53
51 56 55 53
51 49 42 47
44 49 42 47
44 51 56 55
56 53 51 56
55 53 51 50
43 50 55 57
55 60 58 60
63 60 63 66
63 60 58 54
51 54 52 49
46 58 54 52
49 52 58 54
52 49 52 53
54 53 56 58
56 54 56 54
56 54 56 53
54 53 56 58
56 54 56 54
56 54 56 53
56 54 56 59
58 59 61 59
61 63 61 59
61 59 58 59
58 56 58 56
54 56 54 53
54 53 56 58
56 54 56 54
56 54 56 53
54 53 56 58
56 54 56 54
56 54 56 53
56 54 56 59
58 59 61 59
61 63 61 59
61 59 58 59
58 56 58 56
54 56 54 53
52 45 52 54
56 58 62 55
58 62 55 58
62 55 58 62
55 60 62 55
60 62 55 60
62 55 60 64
66 67 66 67
66 69 67 64
66 66 67 66
66 67 66 66
69 67 64 66
69 66 63 42
41 40 43 45
43 42 41 40
43 42 47 43
42 41 44 46
44 43 42 41
44 43 48 48
55 58 58 55
48 48 48 52
55 58 55 50
48 52 55 58
48 53 41 53
46 50 53 46
53 41 53 46
50 53 46 53
41 53 45 51
44 52 45 57
50 48 59 52
59 52 57 57
57 57 64 62
60 57 57 55
53 50 52 53
57 45 46 47
48 49 50 51
51 45 46 47
48 49 50 51
52 54 55 62
52 45 61 62
62 61 62 62
52 45 61 62
62 61 62 62
52 45 63 61
63 61 59 61
59 57 53 53
55 57 59 63
61 63 61 59
61 59 57 53
53 55 57 59
63 61 56 59
63 61 56 59
63 61 56 59
63 61 56 59
53 54 55 54
53 54 55 56
49 49 42 49
50 42 50 51
42 51 48 42
48 49 42 49
48 42 48 49
51 52 53 54
55 54 53 54
56 57 58 59
62 57 58 59
62 59 61 62
65 59 61 62
64 65 63 62
58 56 53 65
63 62 58 56
53 58 56 55
53 52 50 58
56 55 53 52
50 53 51 50
46 44 41 53
51 50 46 44
41 46 44 43
41 46 44 43
41 44 44 44
44 44 44 44
44 44 44 44
44 44 44 44
44 44 44 44
44 44 44 44
44 44 44 44
44 44 44 44
44 44 45 45
45 44 44 44
44 44 44 44
44 44 45 45
45 46 46 46
46 46 46 46
46 46 46 46
46 46 46 46
46 46 46 46
46 46 47 47
47 46 46 46
46 46 46 46
46 46 47 47
47 50 57 59
60 50 51 52
53 54 55 56
57 66 65 66
66 65 66 66
66 66 64 64
64 66 66 66
64 64 64 54
54 52 54 54
52 54 54 52
54 54 52 50
43 50 44 46
44 41 43 44
43 46 44 58
50 43 67 66
65 64 55 54
53 52 50 49
48 47 46 44
43 41 40 43
41 40 44 56
56 44 45 57
57 45 46 58
58 46 40 47
59 59 47 40
41 48 53 41
48 53 60 58
55 58 62 60
58 55 58 60
63 61 58 61
65 63 61 58
61 63 66 64
61 64 66 64
61 64 66 68
66 68 66 68
66 68 66 68
66 68 66 68
66 68 66 68
66 68 66 68
66 68 66 68
66 68 66 68
66 68 66 68
66 68 66 68
66 68 66 68
66 68 66 68
66 68 66 68
66 68 66 68
66 68 66 68
66 68 66 68
66 68 66 68
66 68 66 68
66 68 66 64
59 45 47 40
45 54 54 45
45 54 54 45
47 54 54 47
47 54 54 47
45 54 54 45
45 54 54 45
47 54 54 47
47 54 54 47
45 54 54 45
45 54 54 45
47 54 54 47
47 54 54 47
45 54 54 45
45 54 54 45
45 54 54 45
45 54 54 45
45 45 45 45
45 45 45 45
40 40 40 41
41 41 42 42
42 43 43 43
44 44 44 45
45 45 46 46
46 47 47 47
48 48 48 49
49 49 47 47
47 48 48 48
49 49 49 50
50 50 43 50
55 50 43 43
50 43 50 55
50 43 43 50
43 48 55 58
55 48 43 48
55 58 55 48
43 48 55 58
55 48 55 60
55 58 55 60
55 55 53 53
50 50 48 48
46 46 48 48
50 50 48 48
46 46 43 43
41 41 43 43
41 41 50 50
48 48 46 46
48 48 50 50
48 48 46 46
43 43 41 41
48 48 46 46
43 43 50 50
48 48 46 46
53 53 50 50
48 48 55 55
53 53 50 50
58 58 55 55
53 53 60 60
58 58 55 55
62 62 60 60
58 58 65 65
62 62 60 60
67 50 43 50
