67 55 55 55
55 55 55 55
55 55 55 55
65 55 55 55
55 55 55 55
55 55 55 55
63 55 55 55
55 55 55 55
55 55 55 55
62 55 55 55
55 55 55 55
55 62 50 50
50 50 50 50
50 50 50 50
50 60 50 50
50 50 50 50
50 50 50 50
50 58 50 50
50 50 50 50
50 50 50 50
50 57 50 50
50 50 50 50
50 50 74 72
70 69 67 66
64 62 60 58
57 55 55 55
55 55 55 55
55 55 55 55
55 55 79 77
75 74 72 70
69 67 65 63
62 60 60 60
60 60 60 60
60 60 60 60
60 60 82 81
79 77 75 74
72 70 69 67
65 63 63 63
63 63 63 63
63 63 63 63
63 63 86 84
82 81 79 78
76 74 72 70
69 67 67 67
67 67 67 67
67 67 67 67
67 67 86 84
82 81 79 78
76 74 72 70
69 67 67 67
67 67 67 67
67 67 67 67
67 67 74 67
67 67 74 67
67 67 74 67
67 67 50 69
70 72 74 76
78 79 81 69
70 72 74 76
78 79 81 70
72 74 76 78
79 81 82 74
76 78 79 81
