41 41 41 41
41 41 41 41
41 41 41 41
41 41 41 41
41 41 41 41
41 41 41 41
41 41 41 41
41 41 41 41
40 40 40 40
40 40 40 40
41 41 41 41
41 41 41 41
41 41 41 41
41 41 41 41
41 41 41 41
41 41 41 41
41 41 41 41
41 41 41 41
42 42 42 42
42 42 42 42
43 43 43 43
43 43 43 43
48 48 48 48
48 48 48 48
48 48 48 48
48 48 48 48
48 48 41 41
41 41 41 41
41 41 51 51
51 51 49 49
49 49 49 49
49 49 41 41
41 41 46 46
46 46 46 46
46 46 46 46
46 51 51 51
51 44 44 44
44 44 44 44
44 44 44 44
49 49 49 49
43 43 43 43
43 43 43 43
43 43 43 48
48 48 48 48
41 55 55 55
55 55 55 55
55 55 55 55
53 53 53 53
53 53 53 53
53 53 53 53
46 55 55 55
55 55 55 55
55 55 55 55
48 46 46 46
46 46 46 46
46 46 46 46
51 43 43 43
43 43 43 43
43 43 43 43
46 46 46 46
46 46 46 46
46 46 46 51
51 51 51 51
51 51 51 51
51 51 51 51
51 51 51 50
50 50 50 51
51 51 51 51
51 51 51 44
44 44 44 41
41 41 41 46
46 46 46 46
46 46 46 55
51 44 57 53
46 59 55 72
72 72 72 72
72 72 72 72
72 72 72 72
72 72 72 70
70 70 70 70
70 70 70 70
70 70 70 70
70 70 70 67
67 67 67 67
67 67 67 65
65 65 65 65
65 65 65 65
65 65 65 65
65 65 65 72
72 72 72 72
72 72 72 72
72 72 72 70
70 70 70 70
70 70 70 68
68 68 68 68
68 68 68 67
67 67 67 67
67 67 67 65
65 65 65 65
65 65 65 63
63 63 63 61
61 61 61 61
61 61 61 67
67 67 67 68
68 68 68 67
67 67 67 68
68 68 68 70
70 70 70 68
68 68 68 67
67 67 67 68
68 68 68 55
48 41 41 41
41 46 46 46
46 46 46 46
46 46 46 46
51 51 51 51
44 44 44 44
44 44 44 44
44 44 44 49
49 49 49 43
43 43 43 43
43 43 43 43
43 43 48 48
48 48 41 41
41 41 41 41
41 41 41 41
41 46 46 46
46 46 46 46
46 46 46 46
48 48 48 48
48 48 48 48
48 48 48 41
41 41 41 41
41 41 41 41
41 41 46 46
46 46 46 46
46 46 46 46
46 48 48 48
48 48 48 48
48 48 48 48
48 41 67 68
67 67 68 67
67 68 67 67
68 67 67 68
67 67 68 67
67 68 67 67
68 67 67 68
67 67 68 67
67 68 67 67
68 67 67 68
67 67 68 67
67 68 67 67
68 67 67 68
67 67 68 67
67 68 67 67
68 67 67 68
67 67 68 67
67 68 67 67
68 67 67 68
67 67 68 67
67 68 67 67
68 67 67 68
67 67 68 67
67 68 67 67
68 67 68 70
68 68 70 68
68 70 68 68
70 68 65 67
65 65 67 65
65 67 65 65
67 65 61 63
61 61 63 61
61 63 61 61
63 61 61 63
61 61 63 61
61 63 61 61
63 61 63 65
63 63 65 63
63 65 63 63
65 63 63 65
63 63 65 63
63 65 63 63
65 63 62 63
62 62 63 62
62 63 62 62
63 62 62 63
62 62 63 62
62 63 62 62
63 62 63 65
63 63 65 63
63 65 63 63
65 63 63 65
63 63 65 63
63 65 63 63
65 63 67 69
67 67 69 67
67 69 67 67
69 67 67 69
67 67 69 67
67 69 67 67
69 67 63 65
63 63 65 63
63 65 63 63
65 63 63 65
63 63 65 63
63 65 63 63
65 63 63 65
63 63 65 63
63 65 63 63
65 63 63 65
63 63 65 63
63 65 63 63
65 63 65 65
65 65 65 65
65 65 65 65
65 65 65 65
65 65 65 65
65 65 65 65
65 65 65 65
65 65 65 65
65 65 65 65
65 65 65 65
65 65 77 72
70 72 68 72
70 72 77 72
70 72 68 72
70 72 70 74
72 74 77 74
72 74 70 74
72 74 77 74
72 74 72 75
74 75 79 75
74 75 72 75
74 75 79 75
74 75 75 70
67 70 75 70
67 70 75 70
67 70 75 70
67 70 65 67
65 65 67 65
65 67 65 65
67 65 65 67
65 65 67 65
65 67 65 65
67 65 65 67
65 65 67 65
65 67 65 65
67 65 65 67
65 65 67 65
65 67 65 65
67 65 63 65
63 63 65 63
63 65 63 63
65 63 63 65
63 63 65 63
63 65 63 63
65 63 63 65
63 63 65 63
63 65 63 63
65 63 63 65
63 63 65 63
63 65 63 63
65 63 65 67
65 65 67 65
65 67 65 65
67 65 65 67
65 65 67 65
65 67 65 65
67 65 60 62
60 60 62 60
60 62 60 60
62 60 65 67
65 65 67 65
65 67 65 65
67 65 67 68
67 67 68 67
67 68 67 67
68 67 67 68
67 67 68 67
67 68 67 67
68 67 60 62
60 60 62 60
60 62 60 60
62 60 62 63
62 62 63 62
62 63 62 62
63 62 63 65
63 63 65 63
63 65 63 63
65 63 63 65
63 63 65 63
63 65 63 63
65 63 65 67
65 65 67 65
67 68 67 67
68 67 68 70
68 68 70 68
68 70 68 68
70 68 62 63
62 62 63 62
63 65 63 63
65 63 65 67
65 65 67 65
65 67 65 65
67 65 59 60
59 59 60 59
60 61 60 60
61 60 61 63
61 61 63 61
61 63 61 61
63 61 60 61
60 60 61 60
60 61 60 60
61 60 60 61
60 60 61 60
60 61 60 60
61 60 60 61
60 60 61 60
60 61 60 60
61 60 60 61
60 60 61 60
60 61 60 60
61 60 73 75
73 73 75 73
73 75 73 73
75 73 73 75
73 73 75 73
73 75 73 73
75 73 73 75
73 73 75 73
73 75 73 73
75 73 73 75
73 73 75 73
73 75 73 73
75 73 73 75
73 73 75 73
73 75 73 73
75 73 73 75
73 73 75 73
73 75 73 73
75 73 72 73
72 72 73 72
72 73 72 72
73 72 72 73
72 72 73 72
72 73 72 72
73 72 70 72
70 70 72 70
70 72 70 70
72 70 70 72
70 70 72 70
70 72 70 70
72 70 72 73
72 72 73 72
72 73 72 72
73 72 72 73
72 72 73 72
72 73 72 72
73 72 71 72
71 71 72 71
71 72 71 71
72 71 71 72
71 71 72 71
71 72 71 71
72 71 72 73
72 72 73 72
72 73 72 72
73 72 72 73
72 72 73 72
72 73 72 72
73 72 74 75
74 74 75 74
74 75 74 74
75 74 71 72
71 71 72 71
71 72 71 71
72 71 60 62
60 60 62 60
60 62 60 60
62 60 60 62
60 60 62 60
60 62 60 60
62 60 60 62
60 60 62 60
60 62 60 60
62 60 60 62
60 60 62 60
60 62 60 60
62 60 72 73
72 72 73 72
72 73 72 72
73 72 72 73
72 72 73 72
72 73 72 72
73 72 70 72
70 70 72 70
70 72 70 70
72 70 68 70
68 68 70 68
68 70 68 68
70 68 70 72
70 70 72 70
70 72 70 70
72 70 72 73
72 72 73 72
72 73 72 72
73 72 73 75
73 73 75 73
73 75 73 73
75 73 73 75
73 73 75 73
73 75 73 73
75 73 64 64
64 64 64 64
64 64 64 64
80 72 80 72
80 72 80 72
61 61 61 61
61 61 61 61
61 61 61 79
70 79 70 79
70 79 70 60
60 60 60 60
60 60 60 60
60 60 77 68
77 68 77 68
77 68 58 58
58 58 58 58
58 58 58 58
58 76 67 76
67 76 67 76
67 64 64 64
64 64 64 64
64 64 64 64
65 65 65 65
65 65 65 65
65 65 65 65
62 65 65 65
65 65 65 65
65 65 65 65
63 68 68 68
68 68 68 68
68 68 68 68
67 63 63 63
63 63 63 63
63 63 63 63
63 63 63 63
63 70 70 70
70 70 70 70
70 70 70 70
70 70 70 70
70 70 68 70
68 68 70 68
68 70 68 68
70 68 68 70
68 68 70 68
68 70 68 68
70 68 68 70
68 68 70 68
68 70 68 68
70 68 67 68
67 67 68 67
67 68 67 67
68 67 67 68
67 67 68 67
67 68 67 67
68 67 68 70
68 68 70 68
68 70 68 68
70 68 72 73
72 72 73 72
72 73 72 72
73 72 70 72
70 70 72 70
70 72 70 70
72 70 77 79
77 77 79 77
77 79 77 77
79 77 75 75
75 75 75 75
75 75 74 74
74 74 74 74
74 74 74 74
74 74 74 74
74 74 75 75
75 75 75 75
75 75 79 79
79 79 79 79
79 79 77 77
77 77 77 77
77 77 77 77
77 77 77 77
77 77 75 75
75 75 75 75
75 75 75 75
75 75 74 74
74 74 74 74
74 74 72 72
72 72 70 70
70 70 70 70
70 70 70 70
70 70 68 68
68 68 68 68
68 68 67 67
67 67 67 67
67 67 65 65
65 65 64 64
64 64 65 65
65 65 64 64
64 64 65 65
65 65 67 67
67 67 65 65
65 65 64 64
64 64 65 65
65 65 64 64
64 64 64 64
64 64 64 64
80 72 80 72
80 72 80 72
61 61 61 61
61 61 61 61
61 61 61 79
70 79 70 79
70 79 70 60
60 60 60 60
60 60 60 60
60 60 77 68
77 68 77 68
77 68 58 58
58 58 58 58
58 58 58 58
58 76 67 76
67 76 67 76
67 65 65 65
65 65 65 65
65 65 65 65
65 65 65 65
65 65 65 65
65 65 65 64
64 64 64 64
64 64 64 64
64 64 65 65
65 65 65 65
65 65 65 65
65 65 65 65
65 65 65 65
65 65 65 65
64 64 64 64
64 64 64 64
64 64 64 70
72 70 70 72
70 70 72 70
70 72 70 70
72 70 70 72
70 70 72 70
70 72 70 70
72 70 70 72
70 70 72 70
70 72 70 70
72 70 70 72
70 70 72 70
70 72 70 65
67 65 65 67
65 65 67 65
65 67 65 65
67 65 65 67
65 65 67 65
65 67 65 65
67 65 65 67
65 65 67 65
65 67 65 65
67 65 65 67
65 65 67 65
65 67 65 60
61 60 60 61
60 60 61 60
60 61 60 60
61 60 60 61
60 60 61 60
60 61 60 59
60 59 59 60
59 59 60 59
59 60 59 59
60 59 59 60
59 59 60 59
59 60 59 60
61 60 60 61
60 60 61 60
60 61 60 60
61 60 60 61
60 60 61 60
60 61 60 62
63 62 62 63
62 62 63 62
62 63 62 62
63 62 62 63
62 62 63 62
62 63 62 72
72 67 67 63
63 60 60 72
72 67 67 63
63 60 60 72
70 68 67 65
63 62 60 72
70 68 67 65
63 62 60 55
60 63 60 55
60 63 60 55
60 63 60 55
60 63 75 75
72 72 67 67
63 63 75 75
72 72 67 67
63 63 75 74
72 70 68 67
65 63 75 74
72 70 68 67
65 63 60 63
67 63 60 63
67 63 60 63
67 63 60 63
67 79 79 75
75 72 72 67
67 79 79 75
75 72 72 67
67 79 77 75
74 72 70 68
67 79 77 75
74 72 70 68
79 75 79 84
79 75 79 84
79 75 79 84
79 75 79 84
74 72 74 72
74 72 74 72
74 72 74 72
74 72 74 72
74 72 74 72
74 72 74 72
61 63 61 61
63 61 61 63
61 61 63 61
64 65 64 64
65 64 64 65
64 64 65 64
60 61 60 60
61 60 60 61
60 60 61 60
61 63 61 61
63 61 61 63
61 61 63 61
63 65 63 63
65 63 63 65
63 63 65 63
65 67 65 65
67 65 65 67
65 65 67 65
65 67 65 65
67 65 65 67
65 65 67 65
67 67 67 67
67 67 67 67
67 67 68 60
68 60 68 60
68 60 65 65
65 65 65 65
65 65 65 65
65 67 58 67
58 67 58 67
58 63 63 63
63 63 63 63
63 63 63 63
65 56 65 56
65 56 65 56
61 61 61 61
61 61 61 61
61 61 61 64
55 64 55 64
55 64 55 65
64 65 67 65
67 64 65 67
65 67 68 67
68 65 67 68
67 68 70 68
70 67 68 70
68 70 72 70
72 68 70 72
72 73 75 77
72 73 75 77
72 73 75 77
75 73 72 77
75 73 72 77
75 73 72 77
75 73 72 65
67 68 70 72
73 75 77 65
67 68 70 72
73 75 77 73
70 72 73 75
70 72 73 75
70 72 73 75
73 72 70 75
73 72 70 75
73 72 70 75
73 72 70 63
65 67 68 70
72 73 75 63
65 67 68 70
72 73 75 72
68 70 72 73
68 70 72 73
68 70 72 73
72 70 68 73
72 70 68 73
72 70 68 73
72 70 68 67
68 67 68 72
70 68 67 65
67 65 67 70
68 67 65 76
72 70 72 67
72 70 72 76
79 77 79 82
79 76 79 76
72 70 72 67
72 70 72 76
79 77 79 82
79 76 79 79
82 80 82 76
79 77 79 70
73 72 73 67
70 68 70 67
67 67 67 67
67 67 67 67
67 67 68 69
69 69 69 69
69 69 69 69
69 69 70 71
71 71 71 71
71 71 71 71
71 71 72 74
74 74 74 74
74 74 74 74
74 74 75 75
75 75 75 75
75 75 75 75
75 75 75 75
75 75 75 74
74 74 74 74
74 74 74 74
74 74 74 74
74 74 74 75
58 60 58 58
60 58 58 60
58 58 60 58
58 60 58 58
60 58 58 60
58 58 60 58
58 60 58 58
60 58 58 60
58 58 60 58
61 61 61 61
61 61 61 61
60 61 60 60
61 60 60 61
60 60 61 60
63 63 63 63
63 63 63 63
62 63 62 62
63 62 62 63
62 62 63 62
65 65 65 65
65 65 65 65
75 75 70 70
67 67 63 63
67 70 73 72
77 77 72 72
69 69 65 65
69 72 75 74
79 79 74 74
71 71 67 67
71 74 77 67
67 67 67 67
67 67 67 67
67 68 60 68
60 68 60 68
60 65 65 65
65 65 65 65
65 65 65 65
67 58 67 58
67 58 67 58
63 63 63 63
63 63 63 63
63 63 63 65
56 65 56 65
56 65 56 61
61 61 61 61
61 61 61 61
61 61 64 67
70 67 64 67
70 67 64 67
70 67 64 67
70 67 68 68
68 68 68 68
68 68 68 68
68 67 67 67
67 67 67 67
67 67 67 67
67 67 67 67
67 67 67 67
67 67 67 68
68 68 68 68
68 68 68 68
68 68 67 67
67 67 67 67
67 67 67 67
67 67 67 67
67 67 67 67
67 67 67 67
31 31 31 31
31 31 31 31
31 31 31 31
31 31 31 31
36 24 24 24
24 29 29 29
29 29 29 29
29 27 27 27
27 25 25 25
25 25 25 25
25 24 29 29
29 29 34 34
34 34 34 34
34 34 34 27
27 27 27 32
32 32 32 32
32 32 32 32
37 37 37 37
31 31 31 31
31 31 31 31
31 36 36 36
36 41 41 40
40 41 41 43
43 44 44 44
44 44 44 44
44 44 44 44
44 46 46 43
43 43 43 43
43 43 43 43
43 44 44 41
41 41 41 41
41 40 39 38
37 36 36 36
36 36 36 36
36 36 36 36
36 36 36 36
36 36 36 36
36 36 36 36
29 29 29 29
29 29 29 29
29 29 29 29
34 31 31 31
31 31 31 31
31 31 31 31
36 34 34 34
34 34 34 34
34 34 34 34
27 31 31 31
31 31 31 31
31 31 31 31
34 34 34 34
34 34 34 34
34 39 39 39
39 39 39 39
39 39 39 39
39 39 39 39
39 38 38 38
38 39 39 39
39 39 39 39
39 32 32 32
32 29 29 29
29 34 34 34
34 34 34 34
34 39 31 27
32 33 29 34
35 31 48 48
48 48 41 41
41 41 43 43
43 43 43 43
43 43 48 48
48 48 50 50
50 50 51 51
51 51 51 51
51 51 41 41
43 43 44 44
44 44 38 38
39 39 41 41
41 41 35 35
36 36 37 37
37 37 36 36
36 36 36 36
36 36 36 36
36 36 36 36
36 36 24 29
29 29 29 34
34 34 34 34
34 34 34 34
27 27 27 27
32 32 32 32
32 32 32 32
32 37 37 37
37 31 31 31
31 31 31 31
31 31 36 36
36 36 29 29
29 29 29 29
29 29 29 29
29 34 34 34
34 34 34 34
34 34 34 34
36 36 36 36
36 36 36 36
36 36 36 29
29 29 29 29
29 29 29 29
29 29 34 34
34 34 34 34
34 34 34 34
34 36 36 36
36 36 36 36
36 36 36 36
29 80 68 80
68 80 68 80
68 77 65 77
65 77 65 77
65 79 67 79
67 79 67 79
67 75 63 75
63 75 63 75
63 77 65 77
65 77 65 77
65 73 61 73
61 73 61 73
61 76 64 76
64 76 64 76
64 80 68 80
68 80 68 80
68 77 65 77
65 77 65 77
65 79 67 79
67 79 67 79
67 75 63 75
63 75 63 75
63 77 65 77
65 77 65 77
65 73 61 73
61 73 61 73
61 76 64 76
64 76 64 76
64 77 65 77
65 77 65 77
65 77 65 77
65 77 65 77
65 79 67 79
67 79 67 79
67 77 65 77
65 77 65 77
65 77 65 77
65 77 65 77
65 76 64 76
64 76 64 76
64 38 38 38
38 38 38 38
38 38 38 38
38 38 38 38
38 38 38 38
38 38 38 38
38 38 38 38
38 38 38 38
38 38 38 38
38 38 38 38
38 38 38 38
38 38 38 38
38 38 38 38
38 38 38 38
38 38 38 38
38 38 38 38
38 38 38 38
38 38 38 38
38 38 38 38
38 38 38 38
38 38 38 38
38 38 38 38
38 38 38 38
38 38 38 38
38 38 38 38
38 38 38 38
38 38 38 38
38 38 38 38
38 38 38 38
38 38 38 38
38 38 38 38
38 38 38 38
38 38 38 38
38 38 38 38
38 38 38 38
38 38 38 38
38 38 38 38
38 38 38 38
38 38 38 38
38 38 38 38
38 38 38 38
38 38 38 38
51 38 35 38
38 38 38 38
38 38 38 38
38 38 38 38
38 38 38 38
38 38 38 38
38 38 38 38
38 38 38 38
38 38 38 38
38 38 38 38
38 38 38 38
38 38 38 38
38 38 38 38
38 38 38 38
38 38 38 38
38 38 38 38
38 38 38 38
38 38 38 38
38 38 38 38
38 38 38 38
38 38 38 38
38 38 38 38
38 38 38 38
38 38 38 38
38 38 38 38
51 42 35 35
51 42 38 35
51 42 35 35
51 42 38 35
51 42 35 35
35 42 38 35
35 35 42 35
35 42 38 35
51 42 35 35
51 42 38 35
51 42 35 35
51 42 38 35
51 42 35 35
35 42 38 35
35 35 42 35
35 42 38 35
51 42 35 35
51 42 38 35
51 42 35 35
51 42 38 35
51 42 35 35
35 42 38 35
35 35 42 35
35 42 38 35
51 42 35 35
51 42 38 35
51 42 35 35
51 42 38 35
51 35 51 51
51 51 51 42
51 51 51 51
51 42 51 51
51 51 51 42
51 51 51 51
51 42 51 51
51 51 51 42
51 51 51 51
51 42 51 51
51 51 51 42
51 51 51 51
51 42 51 51
51 51 51 42
51 51 51 51
51 42 51 51
51 51 51 42
51 51 51 51
38 38 38 38
38 38 38 38
38 38 38 38
38 38 38 38
38 38 38 38
38 38 38 38
38 38 38 35
45 43 49 38
38 38 38 38
38 38 38 35
45 43 57 38
38 38 38 38
38 38 38 35
45 43 49 38
38 38 38 38
38 38 38 35
45 43 57 38
38 38 38 38
38 38 38 38
38 38 38 38
38 38 38 38
38 38 38 38
38 38 38 38
38 38 38 38
38 38 38 38
38 38 38 38
38 38 38 38
38 38 38 38
38 38 38 38
38 38 38 38
38 38 38 38
38 38 38 38
38 38 38 38
38 38 38 38
38 38 38 38
38 38 38 38
38 38 38 38
38 38 38 38
38 38 38 38
38 38 38 38
38 38 38 38
38 38 38 38
38 38 38 45
43 49 35 42
42 42 38 38
38 38 38 38
38 38 38 38
38 57 35 42
42 42 38 38
38 38 38 38
38 38 38 38
38 38 49 35
42 42 42 38
38 38 38 38
38 38 38 38
38 38 51 42
42 42 42 42
42 42 42 42
42 42 42 42
42 42 42 42
42 42 42 42
42 42 42 46
51 42 42 42
42 42 42 42
42 42 42 42
42 42 42 42
42 42 42 42
42 42 42 42
42 42 46 51
42 42 42 42
42 42 42 42
42 42 42 42
42 42 42 42
42 42 42 42
42 42 42 46
51 42 42 42
42 42 42 42
42 42 42 42
42 42 42 42
42 42 42 42
42 42 42 42
42 42 42 42
42 42 42 42
42 42 42 42
42 42 42 42
46 38 51 42
35 35 51 42
38 35 51 42
35 35 51 42
38 35 51 42
35 35 35 42
38 35 35 35
42 35 35 42
38 35 51 42
35 35 51 42
38 35 51 42
35 35 51 42
38 35 51 42
35 35 35 42
38 35 35 35
42 35 35 42
38 35 51 42
35 35 51 42
38 35 51 42
35 35 51 42
38 35 51 42
35 35 35 42
38 35 35 35
42 35 35 42
38 35 51 42
35 35 51 42
38 35 51 42
35 35 51 42
38 35 57 42
35 35 35 42
38 35 35 35
42 35 35 42
38 35 49 42
35 35 35 42
38 35 35 35
42 35 35 42
38 35 57 42
35 35 35 42
38 35 35 35
42 35 35 42
38 35 57 42
35 35 35 42
38 35 35 35
42 35 35 42
38 35 49 42
35 35 35 42
38 35 35 35
42 35 35 42
38 35 57 42
35 35 35 42
38 35 35 35
42 35 35 42
38 35 46 35
42 42 42 46
42 42 42 42
42 42 42 42
42 42 42 42
42 42 42 42
42 42 42 42
42 42 42 42
42 42 42 42
42 42 42 42
42 42 42 42
42 42 42 42
42 42 42 42
42 42 42 42
42 42 42 42
42 42 42 42
42 42 42 42
42 42 42 42
42 42 42 42
42 42 42 42
42 42 42 42
42 42 42 42
42 42 42 42
42 42 42 42
42 42 42 42
42 42 42 42
42 42 42 42
42 42 42 42
42 42 42 42
42 42 42 42
42 42 42 42
42 42 42 42
42 42 42 42
42 42 42 42
42 42 42 42
42 42 42 42
42 42 42 42
42 42 42 42
42 42 42 42
42 42 42 42
42 42 42 42
42 42 42 42
42 42 42 42
42 42 42 42
42 42 42 42
42 42 42 42
42 42 42 42
42 42 42 42
42 42 42 42
42 42 42 42
42 42 42 42
42 42 42 42
42 42 42 42
42 42 42 42
42 42 42 42
42 42 42 42
42 42 42 42
42 42 42 42
42 42 42 42
42 42 42 42
42 42 42 42
42 42 42 42
42 42 42 42
42 42 42 42
42 42 42 42
42 42 42 42
42 42 42 42
42 42 42 42
42 42 42 42
42 42 42 42
42 42 42 42
42 42 42 42
42 42 42 42
42 42 42 42
42 42 42 42
42 42 42 42
42 42 42 42
42 42 42 42
42 42 42 42
42 42 42 42
42 42 42 42
42 42 42 42
42 42 42 42
42 42 42 42
42 42 42 42
42 42 42 42
42 42 42 42
42 42 42 42
42 42 42 42
42 42 42 42
42 42 42 42
42 42 42 42
42 42 42 42
42 42 42 42
42 42 42 42
42 42 42 42
42 42 42 42
42 42 42 42
42 42 42 42
42 42 42 42
42 42 42 42
42 42 42 42
42 42 42 42
42 42 42 42
42 42 42 42
42 42 42 42
42 42 42 42
42 42 42 42
42 42 42 42
42 42 42 42
42 42 42 42
42 42 42 42
42 42 42 42
42 42 42 42
42 42 42 42
42 42 42 42
42 42 42 42
42 42 42 42
42 42 42 42
42 42 42 42
42 42 42 42
42 42 42 42
42 42 42 42
42 42 42 42
42 42 42 42
42 42 42 42
