45 52 57 60
57 52 57 60
57 52 57 60
45 52 57 60
57 52 57 60
57 52 57 60
64 45 52 57
52 60 52 57
52 57 52 57
60 64 45 57
62 57 64 57
60 57 52 57
60 57 56 40
47 52 47 59
52 56 52 64
52 56 59 56
68 40 56 66
56 64 56 59
56 52 56 59
56 62 40 52
56 52 64 52
56 52 59 52
56 52 60 45
52 57 52 60
52 59 52 57
52 57 60 64
45 52 57 52
60 52 57 52
57 52 57 60
65 45 57 62
57 65 57 62
57 65 57 62
57 65 43 50
55 50 62 50
55 50 59 50
55 50 64 43
55 60 55 64
55 60 55 64
55 60 55 64
41 53 57 53
60 53 57 53
57 53 57 60
62 47 54 59
54 62 54 59
54 62 54 59
54 62 40 47
52 47 56 47
52 47 52 47
52 56 60 45
52 57 52 57
52 57 60 69
45 60 64 60
63 47 54 59
54 59 54 59
63 64 40 55
59 55 66 47
54 57 54 63
54 57 54 63
54 57 54 64
40 52 55 59
64 52 55 59
64 52 55 59
64 40 47 52
55 59 47 52
55 59 47 52
55 64 45 52
57 52 60 52
57 52 57 52
57 60 64 45
57 62 57 64
57 60 57 52
57 60 57 56
40 47 52 47
59 52 56 52
64 52 56 59
56 60 45 52
57 52 57 52
59 52 57 45
52 57 52 64
45 52 57 52
60 52 57 52
57 52 57 60
65 50 57 64
62 57 65 57
62 57 50 57
62 57 65 43
50 55 50 62
50 55 50 59
50 55 50 68
62 40 59 66
62 59 68 62
59 62 59 40
59 62 59 64
62 40 59 62
59 68 62 59
62 59 64 40
62 59 62 59
69 45 64 60
64 60 57 45
52 57 60 57
52 57 60 57
50 62 65 57
62 65 62 57
65 57 62 65
56 40 52 56
59 52 56 59
56 62 52 56
62 60 45 52
57 52 59 40
47 52 47 56
47 52 47 57
45 52 57 60
57 52 57 60
57 52 57 60
57 50 62 65
57 62 65 62
57 65 57 62
65 56 40 52
56 59 52 56
59 56 62 52
56 62 60 45
52 57 52 59
40 47 52 47
56 47 52 47
57 45 52 57
60 57 52 57
60 57 52 57
60 45 52 57
60 57 52 57
60 57 52 57
60 45 52 57
60 57 52 57
60 57 52 57
60 57 52 45
