70 69 58 57
60 62 63 57
58 60 70 60
58 57 72 62
60 58 74 63
62 60 54 70
69 67 66 63
62 60 72 70
69 67 66 63
62 70 72 74
68 70 72 67
69 70 66 67
69 67 58 60
62 56 58 60
55 57 58 54
55 57 55 55
43 43 43 43
43 58 43 55
43 43 43 43
43 58 43 55
43 43 43 43
43 58 43 55
43 43 43 43
43 58 43 55
43 43 43 43
43 58 43 55
58 57 58 55
58 57 55 57
45 45 45 45
45 60 45 57
45 45 45 45
45 60 45 57
45 45 45 45
45 60 45 57
60 58 60 57
60 58 57 58
70 70 70 70
70 62 70 58
70 70 70 70
70 62 70 58
62 60 62 58
62 60 58 60
72 72 72 72
72 63 72 60
72 72 72 72
72 63 72 60
63 62 63 60
63 62 60 62
74 74 74 74
74 66 74 62
74 74 74 74
74 66 74 62
70 70 70 70
70 67 70 62
70 70 70 70
70 67 70 63
70 70 70 70
70 67 70 63
70 70 70 70
70 67 70 63
72 72 72 72
72 67 72 64
72 72 72 74
72 72 67 72
65 72 72 72
72 72 69 72
65 72 72 72
72 72 69 72
65 74 74 74
74 74 69 74
66 74 74 74
74 74 69 74
70 67 67 67
67 67 62 67
58 67 67 67
67 67 62 67
63 65 65 65
65 65 60 65
57 65 65 65
65 65 60 65
62 63 63 63
63 63 58 63
55 63 63 63
63 63 58 63
60 62 62 62
62 62 57 62
54 62 62 62
62 62 57 62
58 67 67 67
67 67 62 67
58 67 67 67
67 67 62 67
57 67 67 67
67 67 62 67
57 67 67 67
67 67 62 67
57 66 66 66
66 66 62 66
57 66 66 66
66 66 62 66
67 70 69 58
57 70 72 74
68 70 72 67
69 70 66 67
69 67 62 63
62 63 62 63
62 63 62 67
62 67 62 67
62 67 62 67
56 55 55 67
56 55 55 65
56 55 55 63
56 55 55 62
56 55 55 57
58 60 62 55
57 58 60 62
55 57 58 60
62 55 53 55
53 55 53 51
55 74 72 74
72 74 72 70
74 74 72 74
72 74 72 70
74 79 74 79
74 72 74 72
74 72 70 74
79 74 79 79
74 79 74 79
74 79 74 79
74 79 74 79
74 79 74 79
74 79 74 79
74 79 74 74
72 74 72 74
72 74 72 74
72 70 74 70
72 74 70 72
74 70 72 74
69 70 72 69
70 72 69 70
72 70 72 74
70 72 74 70
72 74 69 70
72 69 70 72
69 70 72 70
72 70 72 70
72 70 72 70
72 70 72 69
70 69 70 69
70 69 70 69
70 69 70 67
69 67 69 67
69 67 69 67
69 67 69 65
67 65 67 65
67 65 67 65
67 65 67 65
74 72 70 69
74 72 70 69
67 65 64 65
69 67 65 64
69 67 65 64
62 61 59 57
55 53 50 53
55 57 53 57
59 61 57 62
64 65 62 65
67 69 65 69
71 73 69 74
62 74 62 74
62 74 62 74
62 74 62 72
62 72 62 72
62 72 62 72
62 72 62 70
62 70 62 70
62 70 62 70
62 70 62 69
62 69 62 69
62 69 62 69
62 69 62 74
62 74 62 74
62 74 62 74
62 74 62 72
62 72 62 72
62 72 62 72
62 72 62 70
62 70 62 70
62 70 62 70
62 70 62 69
62 69 62 69
62 69 62 69
62 69 62 67
64 67 64 67
64 67 64 67
64 67 64 69
65 69 65 69
65 69 65 69
65 69 65 70
67 70 67 70
67 70 67 70
67 70 67 69
65 69 65 69
65 69 65 69
65 69 65 67
64 67 64 67
64 67 64 67
64 67 64 65
62 65 62 65
62 65 62 65
62 65 62 64
62 64 62 64
62 64 62 64
62 64 62 64
61 64 61 64
61 64 61 64
61 64 61 62
65 64 67 65
67 69 70 63
65 67 62 64
65 61 62 64
62 65 64 67
65 71 64 65
62 64 61 64
62 65 63 69
62 63 60 62
59 62 60 63
61 67 60 61
59 60 57 60
58 62 60 69
59 60 57 59
55 59 64 66
67 73 66 67
64 66 63 71
69 68 65 64
62 61 69 67
66 63 62 60
59 67 65 64
62 60 59 57
58 60 62 63
65 67 68 67
65 64 74 72
70 69 67 65
72 68 67 65
64 62 72 70
68 67 65 63
70 68 67 65
63 61 60 67
66 63 62 60
66 67 69 70
72 74 63 62
60 68 70 67
68 66 72 74
70 72 68 75
74 72 70 68
72 70 68 67
66 67 65 63
62 61 62 64
66 67 69 70
72 69 67 66
67 67 50 62
50 62 50 62
50 62 50 62
50 60 50 60
50 60 50 60
50 60 50 60
50 58 50 58
50 58 50 58
50 58 50 58
50 57 50 57
50 57 50 57
50 57 50 57
50 62 50 62
50 62 50 62
50 62 50 62
50 60 50 60
50 60 50 60
50 60 50 60
50 58 50 58
50 58 50 58
50 58 50 58
50 57 50 57
50 57 50 57
50 57 50 57
50 74 72 72
70 70 69 69
67 67 65 65
63 63 62 62
60 60 58 58
57 57 55 55
54 54 54 55
57 58 60 62
63 66 63 62
60 58 58 60
62 63 65 67
69 70 69 67
65 63 65 63
65 62 63 62
63 60 62 60
62 58 60 58
60 57 58 57
58 55 57 55
57 54 50 52
54 55 57 58
60 62 60 58
57 58 55 53
51 50 51 50
48 46 48 46
45 43 55 53
51 50 51 50
48 46 48 46
45 43 55 53
51 50 51 50
48 46 48 46
45 43 55 53
51 50 51 50
48 46 48 46
45 43 67 70
60 69 62 70
69 67 67 70
69 72 63 72
62 58 65 70
67 70 62 60
58 60 58 60
58 57 60 58
65 58 68 65
63 62 60 67
60 70 67 66
64 62 70 67
68 67 66 62
63 62 72 62
70 69 67 66
67 67 65 67
65 67 65 63
67 62 67 72
60 69 70 69
67 66 63 66
63 62 66 67
55 43 43 43
43 43 43 43
43 43 43 43
53 43 43 43
43 43 43 43
43 43 43 43
51 43 43 43
43 43 43 43
43 43 43 43
50 43 43 43
43 43 43 43
43 62 50 50
50 50 50 50
50 50 50 50
50 60 50 50
50 50 50 50
50 50 50 50
50 58 50 50
50 50 50 50
50 50 50 50
50 57 50 50
50 50 50 50
50 50 62 60
58 57 55 54
52 50 48 46
45 43 43 43
43 43 43 43
43 43 43 43
43 43 67 65
63 62 60 58
57 55 53 51
50 48 48 48
48 48 48 48
48 48 48 48
48 48 70 69
67 65 63 62
60 58 57 55
53 51 51 51
51 51 51 51
51 51 51 51
51 51 74 72
70 69 67 66
64 62 60 58
57 55 55 55
55 55 55 55
55 55 55 55
55 55 74 72
70 69 67 66
64 62 60 58
57 55 55 55
55 55 55 55
55 55 55 55
55 62 55 55
55 62 55 55
55 62 55 55
55 50 57 58
60 62 64 66
67 69 57 58
60 62 64 66
67 69 58 60
62 63 66 67
69 70 62 64
66 67 69 70
72 74 62 64
66 67 69 70
72 74 57 58
60 62 64 66
67 69 58 60
62 63 66 67
69 70 62 64
66 67 69 70
72 74 70 67
62 58 70 67
62 58 70 67
62 58 62 58
55 50 62 58
55 50 62 58
55 50 55 50
46 43 55 50
46 43 55 50
46 43 55 59
55 59 55 59
55 59 55 59
55 59 55 60
55 60 55 60
55 60 55 60
55 60 55 61
55 61 55 61
55 61 55 61
55 61 57 62
57 62 57 62
57 62 57 62
57 62 57 62
57 62 57 62
57 62 57 62
57 62 57 61
57 61 57 61
57 61 57 61
57 61 62 50
52 53 55 57
59 61 62 57
59 61 62 64
65 67 69 62
64 65 67 69
71 73 74 69
69 73 73 76
76 81 81 69
50 69 79 69
50 69 77 69
50 69 76 69
50 69 77 69
50 69 79 69
50 69 81 69
50 69 79 69
50 69 77 69
50 69 76 69
50 62 62 65
65 69 69 74
74 62 50 62
72 62 50 62
70 62 50 62
69 62 50 62
70 62 50 62
73 62 50 62
74 62 50 62
72 62 50 62
70 62 50 62
69 62 50 81
81 79 79 77
77 75 75 74
74 72 72 70
70 69 69 67
67 65 65 64
64 62 62 60
60 58 58 57
57 56 57 50
56 57 56 57
53 55 51 53
50 51 49 50
49 50 49 50
49 50 49 50
49 50 49 50
50 50 62 65
69 70 50 50
62 67 70 70
52 52 64 67
70 69 53 53
60 65 69 69
50 50 62 65
69 67 51 51
58 63 67 67
48 48 60 63
67 67 50 50
59 62 67 65
50 50 59 62
65 63 51 53
55 56 59 60
62 63 51 53
55 56 59 60
62 63 51 53
55 56 59 60
62 63 51 60
58 60 51 60
58 60 51 60
58 60 53 60
58 60 53 60
58 60 53 60
58 60 55 60
59 60 55 60
59 60 55 59
57 59 60 48
48 48 48 48
48 48 48 48
48 48 58 48
48 48 48 48
48 48 48 48
48 48 56 48
48 48 48 48
48 48 48 48
48 48 55 48
48 48 48 48
48 48 48 67
63 60 63 60
63 60 63 60
63 60 63 60
67 62 59 62
59 62 59 62
59 62 59 62
59 67 63 60
63 60 63 60
63 60 63 60
63 60 65 62
58 62 58 62
58 62 58 62
58 62 58 67
63 58 63 58
63 58 63 58
63 58 63 58
63 67 67 68
68 70 70 72
72 74 74 75
75 70 67 63
75 70 67 63
75 70 67 63
65 68 68 70
70 72 72 74
74 75 75 77
77 72 69 65
77 72 69 65
77 72 69 65
67 70 70 72
72 74 74 75
75 77 77 79
79 74 71 67
79 74 71 67
79 74 71 67
75 48 48 48
48 48 48 48
48 48 48 48
56 48 48 48
56 48 48 48
56 48 48 48
47 47 47 47
47 47 47 47
47 47 47 47
55 46 46 46
55 46 46 46
55 46 46 46
45 45 45 45
45 45 45 45
45 45 45 45
53 44 44 44
53 44 44 44
53 44 44 44
43 55 55 55
55 55 55 55
55 55 55 55
63 55 55 55
63 55 55 55
63 55 55 55
54 54 54 54
54 54 54 54
54 54 54 54
62 53 53 53
62 53 53 53
62 53 53 53
52 52 52 52
52 52 52 52
52 52 52 52
60 51 51 51
60 51 51 51
60 51 51 51
50 50 50 50
54 50 50 50
57 50 50 50
58 50 50 50
60 50 50 50
62 50 50 50
63 50 50 50
66 50 50 50
67 50 50 50
69 50 50 50
70 50 50 50
72 50 50 50
74 62 60 58
57 55 54 52
50 48 46 45
43 43 43 43
43 43 43 43
43 43 43 43
43 67 65 63
62 60 58 57
55 53 51 50
48 48 48 48
48 48 48 48
48 48 48 48
48 70 69 67
65 63 62 60
58 57 55 53
51 51 51 51
51 51 51 51
51 51 51 51
51 74 72 70
69 67 66 64
62 60 58 57
55 55 55 55
55 55 55 55
55 55 55 55
62 55 43 55
63 55 43 55
66 55 43 55
67 55 43 55
65 55 43 55
63 55 43 55
62 55 43 55
63 55 43 55
66 55 43 55
67 55 43 55
65 55 43 55
63 55 43 55
62 55 43 55
57 58 60 62
63 66 67 69
70 69 67 65
63 62 60 58
57 55 54 52
50 48 46 43
46 43 46 43
46 43 46 43
46 43 51 50
54 52 55 54
57 55 58 57
60 58 62 60
63 62 65 64
67 66 69 67
70 69 51 50
54 52 55 54
57 55 58 57
60 58 62 60
63 62 66 64
67 66 69 67
70 69 50 50
50 50 50 50
50 50 50 50
50 50 55 50
46 43 55 50
46 43 55 50
46 43 55 55
55 55 55 55
55 55 55 55
55 55 54 54
54 54 54 54
54 54 54 54
54 54 55 50
46 43 55 50
46 43 55 50
46 43 55 55
55 55 55 55
55 55 55 55
55 55 54 54
54 54 54 54
54 54 54 54
54 54 55 55
55 55 58 58
58 58 62 62
62 62 67 67
67 67 70 70
70 70 67 67
67 67 62 62
62 62 58 58
58 58 55 55
55 55 43 70
69 58 57 60
62 63 57 58
60 70 60 58
57 72 62 60
58 74 63 62
60 54 70 69
67 66 63 62
60 72 70 69
67 66 63 62
70 72 74 68
70 72 67 69
70 66 67 69
67 58 60 62
56 58 60 55
57 58 54 55
57 55 67 67
67 67 67 62
67 58 67 67
67 67 67 62
67 57 67 67
67 67 67 62
67 57 67 67
67 67 67 62
67 57 66 66
66 66 66 62
66 57 66 66
66 66 66 62
66 67 70 69
58 57 70 72
74 68 70 72
67 69 70 66
67 69 67 70
72 74 70 72
74 70 72 74
70 70 72 74
70 72 74 70
72 74 69 70
72 69 70 72
69 70 72 70
72 74 70 72
74 70 72 74
69 70 72 69
70 72 69 70
72 70 72 70
72 70 72 70
72 70 72 70
72 69 70 69
70 69 70 69
70 69 70 69
70 67 69 67
69 67 69 67
69 67 69 67
69 65 67 65
67 65 67 65
67 65 67 65
67 65 74 72
70 69 74 72
70 69 67 65
64 65 69 67
65 64 69 67
65 64 62 61
59 57 55 53
50 53 55 57
53 57 59 61
57 62 64 65
62 65 67 69
65 69 71 73
69 74 62 74
62 74 62 74
62 74 62 74
62 72 62 72
62 72 62 72
62 72 62 72
62 70 62 70
62 70 62 70
62 70 62 70
62 69 62 69
62 69 62 69
62 69 62 69
62 74 62 74
62 74 62 74
62 74 62 74
62 72 62 72
62 72 62 72
62 72 62 72
62 70 62 70
62 70 62 70
62 70 62 70
62 69 62 69
62 69 62 69
62 69 62 69
62 67 64 67
64 67 64 67
64 67 64 67
64 69 65 69
65 69 65 69
65 69 65 69
65 70 67 70
67 70 67 70
67 70 67 70
67 69 65 69
65 69 65 69
65 69 65 69
65 67 64 67
64 67 64 67
64 67 64 67
64 65 62 65
62 65 62 65
62 65 62 65
62 64 62 64
62 64 62 64
62 64 62 64
62 64 61 64
61 64 61 64
61 64 61 64
61 62 65 64
67 65 67 69
70 63 65 67
62 64 65 61
62 64 62 62
50 62 50 62
50 62 50 62
50 62 50 60
50 60 50 60
50 60 50 60
50 60 50 58
50 58 50 58
50 58 50 58
50 58 50 57
50 57 50 57
50 57 50 57
50 57 50 62
50 62 50 62
50 62 50 62
50 62 50 60
50 60 50 60
50 60 50 60
50 60 50 58
50 58 50 58
50 58 50 58
50 58 50 57
50 57 50 57
50 57 50 57
50 57 50 74
72 72 70 70
69 69 67 67
65 65 63 63
62 62 60 60
58 58 57 57
55 55 54 54
54 55 57 58
60 62 63 66
63 62 60 58
58 60 62 63
65 67 69 70
69 67 65 63
65 63 65 62
63 62 63 60
62 60 62 58
60 58 60 57
58 57 58 55
57 55 57 54
50 52 54 55
57 58 60 62
60 58 57 58
55 53 51 50
51 50 48 46
48 46 45 43
55 53 51 50
51 50 48 46
48 46 45 43
55 53 51 50
51 50 48 46
48 46 45 43
55 53 51 50
51 50 48 46
48 46 45 43
46 46 46 46
46 46 46 46
46 46 54 54
54 54 54 54
54 54 54 54
46 46 46 46
46 43 43 43
43 43 43 43
43 43 43 43
43 43 43 43
43 50 50 50
50 50 51 51
51 51 51 53
53 53 53 53
53 53 53 53
53 50 50 50
50 50 51 51
51 51 51 53
53 53 53 53
46 46 46 46
46 46 46 46
46 46 46 46
46 46 46 46
50 50 50 50
50 50 50 50
50 50 51 51
51 51 51 51
51 51 51 51
52 52 52 52
52 57 57 57
57 57 55 55
55 55 55 51
51 51 51 51
50 50 50 50
50 57 57 57
57 57 57 57
57 57 57 52
52 52 52 50
43 43 43 43
43 43 43 43
43 43 43 43
43 43 43 43
58 58 58 58
58 57 57 57
57 57 55 55
55 55 55 54
54 54 54 54
52 52 52 52
52 43 43 43
43 43 43 43
43 43 43 43
43 43 43 43
43 46 46 46
46 46 46 46
46 46 46 55
43 43 43 43
43 43 43 43
43 43 43 53
43 43 43 43
43 43 43 43
43 43 43 51
43 43 43 43
43 43 43 43
43 43 43 50
43 43 43 43
43 43 43 43
62 50 50 50
50 50 50 50
50 50 50 50
60 50 50 50
50 50 50 50
50 50 50 50
58 50 50 50
50 50 50 50
50 50 50 50
57 50 50 50
50 50 50 50
50 62 60 58
57 55 54 52
50 48 46 45
43 43 43 43
43 43 43 43
43 43 43 43
43 67 65 63
62 60 58 57
55 53 51 50
48 48 48 48
48 48 48 48
48 48 48 48
48 70 69 67
65 63 62 60
58 57 55 53
51 51 51 51
51 51 51 51
51 51 51 51
51 74 72 70
69 67 66 64
62 60 58 57
55 55 55 55
55 55 55 55
55 55 55 55
55 74 72 70
69 67 66 64
62 60 58 57
55 55 55 55
55 55 55 55
55 55 55 55
62 55 55 55
62 55 55 55
62 55 55 55
50 57 58 60
62 64 66 67
69 57 58 60
62 64 66 67
69 58 60 62
63 66 67 69
70 62 64 66
67 69 70 72
74 62 64 66
67 69 70 72
74 57 58 60
62 64 66 67
69 58 60 62
63 66 67 69
70 62 64 66
67 69 70 72
74 70 67 62
58 70 67 62
58 70 67 62
58 62 58 55
50 62 58 55
50 62 58 55
50 55 50 46
43 55 50 46
43 55 50 46
43 55 59 55
59 55 59 55
59 55 59 55
59 55 60 55
60 55 60 55
60 55 60 55
60 55 61 55
61 55 61 55
61 55 61 55
61 57 62 57
62 57 62 57
62 57 62 57
62 57 62 57
62 57 62 57
62 57 62 57
62 57 61 57
61 57 61 57
61 57 61 57
61 62 50 52
53 55 57 59
61 62 57 59
61 62 64 65
67 69 62 64
65 67 69 71
73 74 50 50
50 50 50 50
50 50 50 50
50 50 50 50
50 50 50 50
50 50 69 50
50 62 65 69
70 50 50 62
67 70 70 52
52 64 67 70
69 53 53 60
65 69 69 50
50 62 65 69
67 51 51 58
63 67 67 48
48 60 63 67
67 50 50 59
62 67 65 50
50 59 62 65
63 51 53 55
56 59 60 62
63 51 53 55
56 59 60 62
63 51 53 55
56 59 60 62
63 51 60 58
60 51 60 58
60 51 60 58
60 53 60 58
60 53 60 58
60 53 60 58
60 55 60 59
60 55 60 59
60 55 59 57
59 60 48 48
48 48 48 48
48 48 48 48
48 58 48 48
48 48 48 48
48 48 48 48
48 56 48 48
48 48 48 48
48 48 48 48
48 55 48 48
48 48 48 48
48 48 48 48
48 48 48 48
48 48 48 48
48 48 56 48
48 48 56 48
48 48 56 48
48 48 47 47
47 47 47 47
47 47 47 47
47 47 55 46
46 46 55 46
46 46 55 46
46 46 45 45
45 45 45 45
45 45 45 45
45 45 53 44
44 44 53 44
44 44 53 44
44 44 43 55
55 55 55 55
55 55 55 55
55 55 63 55
55 55 63 55
55 55 63 55
55 55 54 54
54 54 54 54
54 54 54 54
54 54 62 53
53 53 62 53
53 53 62 53
53 53 52 52
52 52 52 52
52 52 52 52
52 52 60 51
51 51 60 51
51 51 60 51
51 51 50 62
60 58 57 55
54 52 50 48
46 45 43 43
43 43 43 43
43 43 43 43
43 43 43 67
65 63 62 60
58 57 55 53
51 50 48 48
48 48 48 48
48 48 48 48
48 48 48 70
69 67 65 63
62 60 58 57
55 53 51 51
51 51 51 51
51 51 51 51
51 51 51 74
72 70 69 67
66 64 62 60
58 57 55 55
55 55 55 55
55 55 55 55
55 55 55 43
43 43 43 43
43 43 43 43
43 43 43 55
57 58 60 62
63 66 67 69
70 69 67 65
63 62 60 58
57 55 54 52
50 48 46 43
46 43 46 43
46 43 46 43
46 43 50 50
50 50 50 50
50 50 50 50
50 50 50 55
50 46 43 55
50 46 43 55
50 46 43 55
55 55 55 55
55 55 55 55
55 55 55 54
54 54 54 54
54 54 54 54
54 54 54 55
50 46 43 55
50 46 43 55
50 46 43 55
55 55 55 55
55 55 55 55
55 55 55 54
54 54 54 54
54 54 54 54
54 54 54 55
55 55 55 58
58 58 58 62
62 62 62 67
67 67 67 70
70 70 70 67
67 67 67 62
62 62 62 58
58 58 58 55
55 55 55 43
67 66 55 54
57 58 60 54
55 57 67 57
55 54 69 58
57 55 70 60
58 57 48 67
66 63 62 60
58 57 69 67
66 63 62 60
58 67 69 70
60 62 63 58
60 62 57 58
60 58 55 57
58 48 50 51
46 48 50 45
46 48 46 62
62 62 62 62
58 62 55 62
62 62 62 62
58 62 50 57
57 57 57 57
55 57 50 57
57 57 57 57
55 57 50 57
57 57 57 57
54 57 50 57
57 57 57 57
54 57 58 67
65 55 54 67
69 70 60 62
63 58 60 62
57 58 60 58
67 69 70 67
69 70 67 69
70 67 67 69
70 67 69 70
67 69 70 66
67 69 66 67
69 66 67 69
67 69 70 67
69 70 67 69
70 66 67 69
66 67 69 66
67 69 67 69
67 69 67 69
67 69 67 69
67 69 65 67
65 67 65 67
65 67 65 67
65 67 64 65
64 65 64 65
64 65 64 65
64 65 62 64
62 64 62 64
62 64 62 64
62 64 62 70
69 67 65 70
69 67 65 64
62 61 62 65
64 62 61 65
64 62 61 59
57 55 53 50
52 53 50 53
55 57 53 57
62 64 65 62
65 67 69 65
69 62 69 62
69 62 69 62
69 62 69 62
69 62 69 62
69 62 69 62
69 62 69 62
67 62 67 62
67 62 67 62
67 62 67 62
65 62 65 62
65 62 65 62
65 62 65 62
70 62 70 62
70 62 70 62
70 62 70 62
69 62 69 62
69 62 69 62
69 62 69 62
67 62 67 62
67 62 67 62
67 62 67 62
65 62 65 62
65 62 65 62
65 62 65 62
64 61 64 61
64 61 64 61
64 61 64 61
65 62 65 62
65 62 65 62
65 62 65 62
67 64 67 64
67 64 67 64
67 64 67 64
65 62 65 62
65 62 65 62
65 62 65 62
64 61 64 61
64 61 64 61
64 61 64 61
62 57 62 57
62 57 62 57
62 57 62 57
62 57 62 57
62 57 62 57
62 57 62 57
61 57 61 57
61 57 61 57
61 57 61 57
53 62 61 64
62 58 60 62
55 57 58 53
55 57 52 53
55 53 58 50
58 50 58 50
58 50 58 50
58 50 57 50
57 50 57 50
57 50 57 50
57 50 55 50
55 50 55 50
55 50 55 50
55 50 54 50
54 50 54 50
54 50 54 50
54 50 58 50
58 50 58 50
58 50 58 50
58 50 57 50
57 50 57 50
57 50 57 50
57 50 55 50
55 50 55 50
55 50 55 50
55 50 54 50
54 50 54 50
54 50 54 50
54 50 70 69
69 67 67 65
65 63 63 62
62 60 60 58
58 57 57 55
55 54 54 51
51 50 50 50
52 54 55 57
58 60 62 60
58 57 55 55
57 58 60 62
63 65 67 65
63 62 60 62
60 62 58 60
58 60 57 58
57 58 55 57
55 57 53 55
53 55 52 53
52 53 50 50
52 53 55 57
58 60 62 60
58 57 58 55
53 51 50 51
50 48 46 48
46 45 43 55
53 51 50 51
50 48 46 48
46 45 43 55
53 51 50 51
50 48 46 48
46 45 43 55
53 51 50 51
50 48 46 48
46 45 43 43
43 43 43 43
43 43 43 43
43 45 45 45
45 45 50 50
50 50 50 43
43 43 43 43
43 43 43 43
43 43 43 43
43 43 43 43
43 43 43 43
46 46 46 46
46 48 48 48
48 48 45 45
45 45 45 46
46 46 46 46
46 46 46 46
46 46 46 46
46 46 46 46
46 46 45 46
46 46 46 46
46 46 46 46
46 46 46 46
46 46 46 46
46 46 46 46
47 47 47 47
47 48 48 48
48 48 48 48
48 48 48 49
49 49 49 49
50 50 50 50
50 43 43 43
43 43 48 48
48 48 48 48
48 48 48 48
54 54 54 54
54 54 54 54
54 54 49 49
49 49 50 43
43 43 43 43
43 43 43 43
43 43 43 43
43 43 43 55
55 55 55 55
53 53 53 53
53 51 51 51
51 51 50 50
50 50 50 49
49 49 49 49
43 43 43 43
43 43 43 43
43 43 43 43
43 43 43 43
43 43 43 43
43 43 43 43
43 43 55 43
43 43 43 43
43 43 43 43
43 43 53 43
43 43 43 43
43 43 43 43
43 43 51 43
43 43 43 43
43 43 43 43
43 43 50 43
43 43 43 43
43 43 43 62
50 50 50 50
50 50 50 50
50 50 50 60
50 50 50 50
50 50 50 50
50 50 50 58
50 50 50 50
50 50 50 50
50 50 50 57
50 50 50 50
50 50 50 50
62 60 58 57
55 54 52 50
48 46 45 43
43 43 43 43
43 43 43 43
43 43 43 43
67 65 63 62
60 58 57 55
53 51 50 48
48 48 48 48
48 48 48 48
48 48 48 48
70 69 67 65
63 62 60 58
57 55 53 51
51 51 51 51
51 51 51 51
51 51 51 51
74 72 70 69
67 66 64 62
60 58 57 55
55 55 55 55
55 55 55 55
55 55 55 55
74 72 70 69
67 65 64 62
60 58 57 55
55 55 55 62
55 55 55 62
55 55 55 50
54 55 57 58
60 62 64 66
54 55 57 58
60 62 64 66
55 57 58 60
62 63 66 67
54 55 57 58
60 62 64 66
54 55 57 58
60 62 64 66
54 55 57 58
60 62 64 66
55 57 58 60
62 63 66 67
54 55 57 58
60 62 64 66
58 62 67 70
58 62 67 70
58 62 67 70
50 55 58 62
50 55 58 62
50 55 58 62
43 46 50 55
43 46 50 55
43 46 50 55
50 55 50 55
50 55 50 55
50 55 50 55
51 55 51 55
51 55 51 55
51 48 51 48
52 55 52 55
52 55 52 55
52 55 52 55
53 57 53 57
53 57 53 57
53 50 53 50
52 57 52 57
52 57 52 57
52 57 52 57
52 57 52 57
52 57 52 57
52 57 52 57
53 50 52 53
55 57 59 61
62 57 59 61
62 64 65 67
69 62 64 65
67 69 71 73
74 50 50 50
50 50 50 50
50 50 50 50
50 50 50 50
50 50 50 50
50 65 45 45
57 62 65 67
46 46 58 62
67 67 48 48
60 64 67 65
48 48 57 60
65 65 46 46
58 62 65 63
46 46 55 58
63 63 44 44
56 60 63 62
47 47 55 59
62 62 47 47
55 59 62 60
48 50 51 53
55 57 59 60
48 50 51 53
55 57 59 60
48 50 51 53
55 57 59 60
51 60 58 60
51 60 58 60
51 60 58 60
53 60 58 60
53 60 58 60
53 60 58 60
55 60 59 60
55 60 59 60
55 59 57 59
60 48 48 48
48 48 48 48
48 48 48 48
58 48 48 48
48 48 48 48
48 48 48 48
56 48 48 48
48 48 48 48
48 48 48 48
55 48 48 48
48 48 48 48
48 48 48 48
48 48 48 48
48 48 48 48
48 56 48 48
48 56 48 48
48 56 48 48
48 47 47 47
47 47 47 47
47 47 47 47
47 55 46 46
46 55 46 46
46 55 46 46
46 45 45 45
45 45 45 45
45 45 45 45
45 53 44 44
44 53 44 44
44 53 44 44
44 43 55 55
55 55 55 55
55 55 55 55
55 63 55 55
55 63 55 55
55 63 55 55
55 54 54 54
54 54 54 54
54 54 54 54
54 62 53 53
53 62 53 53
53 62 53 53
53 52 52 52
52 52 52 52
52 52 52 52
52 60 51 51
51 60 51 51
51 60 51 51
51 50 62 60
58 57 55 54
52 50 48 46
45 43 43 43
43 43 43 43
43 43 43 43
43 51 67 65
63 62 60 58
57 55 53 51
50 48 48 48
48 48 48 48
48 48 48 48
48 55 70 69
67 65 63 62
60 58 57 55
53 51 51 51
51 51 51 51
51 51 51 51
51 58 74 72
70 69 67 66
64 62 60 58
57 55 43 43
43 43 43 43
43 43 43 43
43 43 55 57
58 60 62 63
66 67 69 70
69 67 65 63
62 60 58 57
55 54 52 50
48 46 43 46
43 46 43 46
43 46 43 46
43 50 50 50
50 50 50 50
50 50 50 50
50 50 55 50
46 43 55 50
46 43 55 50
46 43 45 45
45 45 45 45
45 45 45 45
45 45 45 45
45 45 45 45
45 45 45 45
45 45 55 50
46 43 55 50
46 43 55 50
46 43 45 45
45 45 45 45
45 45 45 45
45 45 45 45
45 45 45 45
45 45 45 45
45 45 46 50
50 50 55 55
55 55 58 58
58 58 62 62
62 62 67 67
67 67 70 70
70 70 67 67
67 67 62 62
62 62 58 58
58 58 43 62
62 50 54 54
54 50 50 50
54 54 55 55
55 45 45 54
51 50 48 46
45 43 42 58
57 55 54 51
50 48 46 50
50 51 51 50
50 54 54 50
50 50 51 51
50 50 42 42
38 58 58 58
58 58 55 58
50 58 58 58
58 58 55 58
50 50 50 50
50 50 45 50
45 50 50 50
50 50 45 50
42 50 50 50
50 50 45 50
42 50 50 50
50 50 45 50
50 50 50 50
50 50 50 51
51 50 50 54
54 50 55 55
55 55 55 55
55 55 55 55
55 55 55 62
62 62 62 62
62 55 55 55
55 55 55 62
62 62 62 62
62 55 55 55
55 55 55 49
49 49 49 49
49 50 50 50
50 50 50 50
50 50 50 50
50 52 52 52
52 52 52 45
45 45 45 45
45 50 50 50
50 50 50 50
50 50 50 50
50 50 62 50
38 38 38 45
57 45 45 45
45 50 62 50
38 38 38 50
62 50 38 38
38 50 62 50
38 38 38 50
62 50 38 38
38 50 62 50
38 38 38 50
62 50 38 38
38 50 62 50
38 38 38 50
62 50 38 38
38 50 62 50
38 38 38 50
62 50 38 38
38 45 57 49
45 45 45 45
57 50 45 45
45 45 57 52
45 45 45 45
57 50 45 45
45 45 57 49
45 45 45 45
57 50 45 45
45 45 57 50
45 45 45 45
57 49 45 45
45 50 57 57
49 45 46 46
46 46 45 45
45 45 45 50
50 50 50 50
50 54 54 54
54 54 54 55
55 55 55 55
55 54 54 54
54 54 54 55
55 55 55 50
50 54 54 54
54 54 54 55
55 55 55 55
55 50 50 50
50 50 50 50
50 50 50 50
50 51 51 51
51 51 51 45
45 45 45 45
50 50 50 50
50 50 46 43
43 43 43 43
43 52 52 53
53 55 55 45
45 45 45 45
50 50 55 53
51 50 51 50
48 46 48 46
45 45 55 53
51 50 51 50
48 46 48 46
45 45 55 53
51 50 51 50
48 46 48 46
45 45 55 53
51 50 51 50
48 46 48 46
45 43 43 43
43 43 43 43
43 43 43 43
43 43 43 43
43 43 46 46
46 46 46 46
46 46 46 46
46 46 46 46
46 46 43 43
43 43 43 43
43 43 43 43
43 43 43 43
43 43 43 43
43 43 43 43
43 43 43 43
43 43 43 43
43 43 55 43
43 43 43 43
43 43 43 43
43 43 53 43
43 43 43 43
43 43 43 43
43 43 51 43
43 43 43 43
43 43 43 43
43 43 50 43
43 43 43 43
43 43 43 62
50 50 50 50
50 50 50 50
50 50 50 60
50 50 50 50
50 50 50 50
50 50 50 58
50 50 50 50
50 50 50 50
50 50 50 57
50 50 50 50
50 50 50 50
43 43 43 43
43 43 43 43
43 43 43 43
43 43 43 43
43 43 43 43
43 43 43 43
48 48 48 48
48 48 48 48
48 48 48 48
48 48 48 48
48 48 48 48
48 48 48 48
51 51 51 51
51 51 51 51
51 51 51 51
51 51 51 51
51 51 51 51
51 51 51 51
55 55 55 55
55 55 55 55
55 55 55 55
55 55 55 55
55 55 55 55
55 55 55 55
55 55 55 55
55 55 55 55
55 55 55 55
55 55 55 55
62 55 55 55
62 55 55 55
54 62 57 54
50 62 57 54
55 62 58 55
54 62 57 54
50 62 57 54
50 62 57 54
55 62 58 55
54 62 57 54
50 50 50 50
50 50 50 50
50 50 50 50
50 50 50 50
50 50 47 50
47 50 47 50
47 50 47 50
47 50 48 51
48 51 48 51
48 51 48 51
48 51 49 52
49 52 49 52
49 52 49 52
49 52 50 53
50 53 50 53
50 53 50 53
50 53 50 52
50 52 50 52
50 52 50 52
50 52 49 52
49 52 49 52
49 52 49 52
49 52 50 53
50 50 50 50
50 50 50 50
50 50 50 50
50 50 50 50
50 50 50 50
50 50 50 50
50 50 50 50
50 50 50 50
50 50 50 50
50 50 50 57
53 55 53 52
50 62 58 57
55 53 52 55
52 50 48 46
48 60 57 55
53 51 50 53
50 48 46 45
46 58 55 53
51 50 48 51
48 46 44 43
50 53 50 48
47 45 47 50
47 45 43 41
43 60 55 51
48 43 60 55
51 48 43 60
55 51 48 43
43 43 43 43
43 44 44 44
44 56 56 50
50 50 50 50
50 51 48 48
48 48 48 48
48 48 48 48
48 58 48 48
48 48 48 48
48 48 48 48
48 56 48 48
48 48 48 48
48 48 48 48
48 55 48 48
48 48 48 48
48 48 48 48
48 48 48 48
48 48 48 48
48 48 56 48
48 48 56 48
48 48 56 48
48 48 47 47
47 47 47 47
47 47 47 47
47 47 55 46
46 46 55 46
46 46 55 46
46 46 45 45
45 45 45 45
45 45 45 45
45 45 53 44
44 44 53 44
44 44 53 44
44 44 43 55
55 55 55 55
55 55 55 55
55 55 63 55
55 55 63 55
55 55 63 55
55 55 54 54
54 54 54 54
54 54 54 54
54 54 62 53
53 53 62 53
53 53 62 53
53 53 52 52
52 52 52 52
52 52 52 52
52 52 60 51
51 51 60 51
51 51 60 51
51 51 50 43
43 43 43 43
43 43 43 43
43 43 43 43
43 43 43 43
43 43 43 43
43 43 43 48
48 48 48 48
48 48 48 48
48 48 48 48
48 48 48 48
48 48 48 48
48 48 48 51
51 51 51 51
51 51 51 51
51 51 51 51
51 51 51 51
51 51 51 51
51 51 51 55
55 55 55 55
55 55 55 55
55 55 55 55
43 43 43 43
43 43 43 43
43 43 43 43
46 43 46 43
46 43 46 43
46 43 46 43
50 50 62 60
58 57 55 54
52 50 50 50
50 50 50 50
50 50 50 50
50 51 51 51
51 51 51 51
51 51 51 51
51 50 50 50
50 50 50 50
50 50 50 50
50 46 46 46
46 50 50 50
50 50 50 50
50 51 51 51
51 51 51 51
51 51 51 51
51 50 50 50
50 50 50 50
50 50 50 50
50 50 46 46
46 50 50 50
50 55 55 55
55 58 58 58
58 62 62 62
62 50 50 50
50 46 46 46
46 43 43 43
43 46 46 46
46 43 43 38
31 26 38 26
38 26 31 38
38 31 31 36
38 50 48 46
45 43 42 39
38 43 42 39
38 36 34 33
31 43 31 48
36 43 31 38
26 31 43 31
36 24 43 31
38 26 31 31
31 31 43 31
31 31 31 31
31 31 31 43
31 31 31 31
31 43 31 31
31 31 31 31
31 31 43 31
31 43 31 31
31 31 43 31
42 30 43 31
43 31 38 50
42 50 38 50
42 42 43 45
38 31 43 31
43 31 43 45
46 43 33 45
33 45 33 45
46 48 45 46
50 42 50 42
43 31 43 31
51 39 51 39
48 40 48 40
48 41 48 41
50 42 50 42
43 34 43 34
53 46 53 46
51 43 51 43
50 41 50 42
31 43 43 43
43 43 31 43
31 43 43 43
43 43 31 43
26 38 38 38
38 38 26 38
26 38 38 38
38 38 26 38
26 38 38 38
38 38 26 38
26 38 38 38
38 38 26 38
31 43 38 31
26 43 31 48
36 43 31 38
26 31 31 43
31 41 31 39
31 38 31 38
50 38 26 26
26 33 45 33
33 33 33 38
50 38 26 26
26 38 50 38
26 26 26 38
50 38 26 26
26 38 50 38
26 26 26 38
50 38 26 26
26 38 50 38
26 26 26 38
50 38 26 26
26 38 50 38
26 26 26 38
50 38 26 26
26 38 50 38
26 26 26 33
45 37 33 33
33 33 45 38
33 33 33 33
45 40 33 33
33 33 45 38
33 33 33 33
45 37 33 33
33 33 45 38
33 33 33 33
45 38 33 33
33 33 45 37
33 33 33 26
38 33 33 38
43 31 43 31
50 38 45 33
38 44 43 42
41 40 39 39
40 34 33 32
31 30 29 28
27 26 47 46
44 43 41 39
38 36 34 33
31 36 43 42
38 43 39 36
38 26 31 43
31 31 31 43
38 50 38 26
26 26 38 50
38 26 26 26
38 50 38 26
26 26 38 50
38 26 26 26
38 50 38 26
26 26 38 50
38 26 26 26
38 50 38 26
26 26 31 43
31 31 31 31
36 48 36 24
24 24 38 50
38 26 26 26
31 43 31 31
31 31 36 48
36 36 36 36
37 49 37 37
37 37 38 50
38 38 38 38
31 43 41 39
38 39 38 36
34 36 34 33
31 43 41 39
38 39 38 36
34 36 34 33
31 43 41 39
38 39 38 36
34 36 34 33
31 43 41 39
38 39 38 36
34 36 34 33
31 31 31 31
31 31 31 31
31 31 31 31
31 31 31 31
31 34 34 34
34 34 34 34
34 34 34 34
34 34 34 34
34 31 31 31
31 31 31 31
31 31 31 31
31 31 31 31
31 31 31 31
31 31 31 31
31 31 31 31
31 31 31 31
31 43 31 31
31 31 31 31
31 31 31 31
31 41 31 31
31 31 31 31
31 31 31 31
31 39 31 31
31 31 31 31
31 31 31 31
31 38 31 31
31 31 31 31
31 31 50 38
38 38 38 38
38 38 38 38
38 38 48 38
38 38 38 38
38 38 38 38
38 38 46 38
38 38 38 38
38 38 38 38
38 38 45 38
38 38 38 38
38 38 38 31
31 31 31 31
31 31 31 31
31 31 31 36
36 36 36 36
36 36 36 36
36 36 36 39
39 39 39 39
39 39 39 39
39 39 39 43
43 43 43 43
43 43 43 43
43 43 43 43
43 43 43 43
43 43 43 43
43 50 43 43
43 50 43 43
43 38 50 38
50 38 50 38
50 38 50 38
50 38 48 38
48 38 48 38
48 38 48 38
48 38 46 38
46 38 46 38
46 38 46 38
46 38 45 38
45 38 45 38
45 38 45 38
45 38 50 38
50 38 50 38
50 38 50 38
50 38 48 38
48 38 48 38
48 38 48 38
48 38 46 38
46 38 46 38
46 38 46 38
46 38 45 38
45 38 45 38
45 38 45 38
45 31 31 31
31 31 31 31
31 31 31 31
31 31 31 31
31 31 31 31
43 31 43 31
43 31 43 31
43 31 43 36
48 36 48 36
48 36 48 36
48 36 48 33
45 33 45 33
45 33 45 33
45 33 45 38
50 38 50 38
50 38 50 38
50 38 50 33
45 33 45 33
45 33 45 33
45 33 45 33
45 33 45 33
45 33 45 33
45 33 45 38
38 38 33 38
33 38 33 38
33 38 33 38
33 38 50 48
46 45 43 41
40 38 31 43
41 39 38 36
34 33 31 36
48 46 45 43
41 40 38 36
29 41 40 38
36 34 33 31
29 34 46 45
43 41 39 38
36 34 27 39
38 36 34 33
31 29 27 32
44 43 41 39
38 36 34 32
35 47 45 43
41 39 38 36
35 31 43 41
39 38 36 35
33 31 36 48
46 44 43 41
39 38 36 48
46 44 43 41
39 38 36 48
46 44 43 41
39 38 36 39
39 39 39 39
39 41 41 41
41 41 41 46
46 46 46 31
31 36 36 36
36 36 36 36
36 36 36 36
36 46 36 36
36 36 36 36
36 36 36 36
36 44 36 36
36 36 36 36
36 36 36 36
36 43 36 36
36 36 36 36
36 36 36 48
47 48 36 36
48 31 36 48
47 48 36 36
48 34 27 39
38 39 27 27
39 31 31 43
41 43 31 31
43 32 33 45
43 45 33 33
45 34 35 47
45 47 35 35
47 36 36 36
36 36 36 36
36 36 36 36
36 44 36 36
36 44 36 36
36 44 36 36
36 35 35 35
35 35 35 35
35 35 35 35
35 43 34 34
34 43 34 34
34 43 34 34
34 33 33 33
33 33 33 33
33 33 33 33
33 41 32 32
32 41 32 32
32 41 32 32
32 31 43 43
43 43 43 43
43 43 43 43
43 51 43 43
43 51 43 43
43 51 43 43
43 42 42 42
42 42 42 42
42 42 42 42
42 50 41 41
41 50 41 41
41 50 41 41
41 40 40 40
40 40 40 40
40 40 40 40
40 48 39 39
39 48 39 39
39 48 39 39
39 38 31 31
31 31 31 31
31 31 31 31
31 31 36 36
36 36 36 36
36 36 36 36
36 36 39 39
39 39 39 39
39 39 39 39
39 39 43 43
43 43 43 43
43 31 31 31
31 31 31 31
31 31 31 31
31 34 31 34
31 34 31 34
31 34 31 34
31 38 38 50
48 46 45 46
45 43 42 40
38 36 34 34
34 34 34 34
34 34 34 34
34 34 36 36
36 36 36 36
36 36 36 36
36 36 38 38
38 38 38 38
38 38 38 38
38 38 31 31
31 31 34 34
34 34 34 34
34 34 36 36
36 36 36 36
36 36 36 36
36 36 38 38
38 38 38 38
38 38 38 38
38 38 31 43
31 43 31 43
31 43 31 43
31 43 31 43
31 43 31 43
31 43 31 43
31 43 31 43
31 43 31 43
31 43 31 43
31 43 31 39
39 39 39 39
39 39 39 39
39 39 39 39
39 39 39 39
39 39 39 39
39 39 39 39
39 39 39 39
39 39 39 39
39 39 39 39
39 39 39 39
39 39 39 39
39 39 39 39
39 39 39 39
39 39 39 39
39 39 39 39
39 39 39 39
39 39 39 39
35 35 35 35
38 38 46 38
46 38 35 43
38 38 43 47
35 38 38 35
46 45 43 47
41 38 43 42
38 35 37 37
43 37 48 35
43 37 38 37
43 37 35 43
37 38 37 49
35 35 35 46
35 49 35 35
35 35 35 35
35 37 35 49
35 35 35 35
49 35 35 35
46 35 49 35
35 35 35 35
35 35 37 35
49 35 35 35
35 35 35 35
43 35 37 35
35 35 35 43
35 35 42 35
35 43 35 35
37 35 35 38
48 42 48 38
48 42 42 43
45 38 37 43
37 43 37 43
45 46 43 37
45 37 45 37
45 46 48 45
46 48 42 48
42 43 37 43
37 51 51 48
38 48 38 48
41 48 41 48
42 48 42 43
43 53 46 53
46 51 43 51
43 48 41 48
42 37 43 43
43 43 43 37
43 37 43 43
43 43 43 37
43 38 38 38
38 38 38 38
38 38 38 38
38 38 38 38
38 38 38 38
38 38 38 38
38 37 43 38
37 43 37 48
35 43 37 38
37 37 43 37
41 37 37 38
37 38 48 38
37 45 37 37
37 37 38 48
38 38 48 38
38 48 38 38
48 38 38 48
38 38 48 38
38 48 38 38
48 38 38 48
38 38 48 38
37 45 37 37
37 37 37 45
38 37 37 37
37 45 38 37
37 37 37 45
38 37 37 37
37 45 37 37
37 37 37 45
38 37 37 37
37 45 38 37
37 37 37 45
37 37 37 37
38 37 37 38
43 37 43 37
48 38 45 37
38 44 43 42
41 38 38 37
37 47 46 44
43 41 38 35
37 37 35 43
42 38 43 35
38 37 43 37
37 37 43 38
48 38 38 48
38 38 48 38
38 48 38 38
48 38 38 48
38 38 48 38
37 43 37 37
37 37 35 48
35 38 48 38
37 43 37 37
37 37 35 48
35 35 35 35
37 49 37 37
37 37 38 48
38 38 38 38
37 43 41 38
38 35 35 37
37 43 41 38
38 35 35 37
37 43 41 38
38 35 35 37
37 43 41 38
38 35 35 37
37 37 37 37
37 37 37 37
37 37 37 37
37 37 37 37
37 37 37 37
37 37 37 37
37 37 37 37
37 37 37 37
37 37 37 37
37 37 37 37
37 37 37 37
37 37 37 37
37 43 37 37
37 37 37 37
37 37 37 37
37 41 37 37
37 37 37 37
37 37 37 37
37 37 37 37
37 37 37 37
37 37 37 37
38 37 37 37
37 37 37 37
37 48 38 38
38 38 38 38
38 38 38 38
38 48 38 38
38 38 38 38
38 38 38 38
38 46 38 38
38 38 38 38
38 38 38 38
38 45 38 38
38 38 38 38
38 38 37 37
37 37 37 37
37 37 37 37
37 37 35 35
35 35 35 35
35 35 35 35
35 35 43 43
43 43 43 43
43 43 43 43
43 43 43 43
43 43 43 43
43 43 43 43
48 43 43 43
48 43 43 43
38 48 38 48
38 48 38 48
38 48 38 48
38 48 38 48
38 48 38 48
38 48 38 48
38 46 38 46
38 46 38 46
38 46 38 46
38 45 38 45
38 45 38 45
38 45 38 45
38 48 38 48
38 48 38 48
38 48 38 48
38 48 38 48
38 48 38 48
38 48 38 48
38 46 38 46
38 46 38 46
38 46 38 46
38 45 38 45
38 45 38 45
38 45 38 45
37 37 37 37
37 37 37 37
37 37 37 37
37 37 37 37
37 37 37 43
37 43 37 43
37 43 37 43
37 43 35 48
35 48 35 48
35 48 35 48
35 48 37 45
37 45 37 45
37 45 37 45
37 45 38 48
38 48 38 48
38 48 38 48
38 48 37 45
37 45 37 45
37 45 37 45
37 45 37 45
37 45 37 45
37 45 37 45
37 45 38 38
38 37 38 37
38 37 38 37
38 37 38 37
38 48 48 46
45 43 41 38
38 37 43 41
38 35 37 37
35 48 46 45
43 41 38 38
35 41 38 38
35 37 37 46
45 43 41 38
35 38 35 37
37 44 43 41
38 35 35 47
45 43 41 38
35 35 37 43
41 38 35 35
37 37 35 48
46 44 43 41
38 35 48 46
44 43 41 38
35 48 46 44
43 41 38 35
41 41 41 41
41 41 46 46
46 46 37 37
35 35 35 35
35 35 35 35
35 35 35 35
46 35 35 35
35 35 35 35
35 35 35 35
44 35 35 35
35 35 35 35
35 35 35 35
43 35 35 35
35 35 35 35
35 35 48 47
48 35 35 48
37 35 48 47
48 35 35 48
38 37 37 43
41 43 37 37
43 37 45 43
45 37 37 45
35 47 45 47
35 35 47 35
35 35 35 35
35 35 35 35
35 35 35 44
35 35 35 44
35 35 35 44
35 35 35 35
35 35 35 35
35 35 35 35
35 35 35 43
43 43 37 37
37 37 37 37
37 37 37 37
37 37 41 41
41 37 43 43
43 43 43 43
43 43 43 43
43 51 43 43
43 51 43 43
43 51 43 43
43 42 42 42
42 42 42 42
42 42 42 42
42 48 41 41
41 48 41 41
41 48 41 41
41 38 38 38
38 38 38 38
38 38 38 38
38 48 48 48
38 37 37 37
37 37 37 37
37 37 37 37
37 35 35 35
35 35 35 35
35 35 35 35
35 43 43 43
43 43 43 43
37 37 37 37
37 37 37 37
37 37 37 37
37 37 37 37
37 37 38 38
48 48 46 45
46 45 43 42
38 38 35 35
35 35 35 35
35 35 35 35
35 35 35 38
38 38 38 38
38 38 38 38
38 38 38 37
37 37 37 35
35 35 35 35
35 35 35 35
35 35 35 38
38 38 38 38
38 38 38 38
38 38 38 37
43 37 43 37
43 37 43 37
43 37 43 37
43 37 43 37
43 37 43 37
43 37 43 37
43 37 43 37
43 37 43 37
43 37 43 37
