55 43 43 43
43 43 43 43
43 43 43 43
53 43 43 43
43 43 43 43
43 43 43 43
51 43 43 43
43 43 43 43
43 43 43 43
50 43 43 43
43 43 43 43
43 62 50 50
50 50 50 50
50 50 50 50
50 60 50 50
50 50 50 50
50 50 50 50
50 58 50 50
50 50 50 50
50 50 50 50
50 57 50 50
50 50 50 50
50 50 62 60
58 57 55 54
52 50 48 46
45 43 62 60
58 57 55 54
52 50 48 46
45 43 67 65
63 62 60 58
57 55 53 51
50 48 67 65
63 62 60 58
57 55 53 51
50 48 70 69
67 65 63 62
60 58 57 55
53 51 70 69
67 65 63 62
60 58 57 55
53 51 74 72
70 69 67 66
64 62 60 58
57 55 74 72
70 69 67 66
64 62 60 58
57 55 74 72
70 69 67 66
64 62 60 58
57 55 74 72
70 69 67 66
64 62 60 58
57 62 55 55
55 62 55 55
55 62 55 55
55 50 57 58
60 62 64 66
67 69 57 58
60 62 64 66
67 69 58 60
62 63 66 67
69 70 62 64
66 67 69 70
72 74 62 64
66 67 69 70
72 74 57 58
60 62 64 66
67 69 58 61
62 63 66 67
69 70 62 64
66 67 69 70
72 74 70 67
62 58 70 67
62 58 70 67
62 58 62 58
55 50 62 58
55 50 62 58
55 50 55 50
46 43 55 50
46 43 55 50
46 43 55 59
55 59 55 59
55 59 55 59
55 59 55 59
55 59 55 59
55 59 55 59
55 59 55 61
55 61 55 61
55 61 55 61
55 61 57 62
57 62 57 62
57 62 57 62
57 62 57 62
57 62 57 62
57 62 57 62
57 62 57 61
57 61 57 61
57 61 57 61
57 61 62 50
52 53 55 57
59 61 62 57
59 61 62 64
65 67 69 62
64 65 67 69
71 73 74 69
69 73 73 76
76 81 81 69
50 69 79 69
50 69 77 69
50 69 76 69
50 69 77 69
50 69 79 69
50 69 81 69
50 69 79 69
50 69 77 69
50 69 76 69
50 62 62 65
65 69 69 74
74 62 50 62
72 62 50 62
70 62 50 62
69 62 50 62
70 62 50 62
73 62 50 62
74 62 50 62
72 62 50 62
70 62 50 62
69 62 50 81
81 79 79 77
77 76 76 74
74 72 72 70
70 69 69 67
67 65 65 64
64 62 62 60
60 58 58 57
57 56 57 50
56 50 57 50
56 50 57 50
53 50 55 50
52 50 53 50
50 50 52 50
49 50 50 50
49 50 50 50
49 50 50 50
49 50 50 50
49 50 50 50
49 50 50 50
49 50 69 50
50 62 65 69
70 50 50 62
67 70 70 52
52 64 67 70
69 53 53 60
65 69 69 50
50 62 65 69
67 51 51 58
63 67 67 48
48 60 63 67
67 50 50 59
62 67 67 50
50 59 62 65
63 51 53 55
56 59 60 62
63 51 53 55
56 59 60 62
63 51 53 55
56 59 60 62
63 51 60 58
60 51 60 58
60 51 60 58
60 53 60 58
60 53 60 58
60 53 60 58
60 55 60 59
60 55 60 59
60 55 60 59
60 60 48 48
48 48 48 48
48 48 48 48
48 58 48 48
48 48 48 48
48 48 48 48
48 56 48 48
48 48 48 48
48 48 48 48
48 55 48 48
48 48 48 48
48 48 67 63
60 63 60 63
60 63 60 63
60 63 60 67
62 59 62 59
62 59 62 59
62 59 62 59
67 63 60 63
60 63 60 63
60 63 60 63
60 65 62 58
62 58 62 58
62 58 62 58
62 58 67 63
58 63 58 63
58 63 58 63
58 63 58 63
67 67 68 68
70 70 72 72
74 74 75 75
70 67 63 75
70 67 63 75
70 67 63 65
68 68 70 70
72 72 74 74
75 75 77 77
72 69 65 77
72 69 65 77
72 69 65 67
70 70 72 72
74 74 75 75
77 77 79 79
74 71 67 79
74 71 67 79
74 71 67 75
48 48 48 48
48 48 48 48
48 48 48 56
48 48 48 56
48 48 48 56
48 48 48 48
48 48 48 48
48 48 48 48
48 48 48 55
47 47 47 55
47 47 47 55
47 47 47 45
45 45 45 45
45 45 45 45
45 45 45 53
44 44 44 53
44 44 44 53
44 44 44 43
55 55 55 55
55 55 55 55
55 55 55 63
55 55 55 63
55 55 55 63
55 55 55 54
54 54 54 54
54 54 54 54
54 54 54 62
53 53 53 62
53 53 53 62
53 53 53 52
52 52 52 52
52 52 52 52
52 52 52 60
51 51 51 60
51 51 51 60
51 51 51 50
50 50 50 54
50 50 50 57
50 50 50 58
50 50 50 60
50 50 50 62
50 50 50 63
50 50 50 66
50 50 50 67
50 50 50 69
50 50 50 70
50 50 50 72
50 50 50 74
62 60 58 57
55 54 52 50
48 46 45 43
62 60 58 57
55 54 52 50
48 46 45 43
67 65 63 62
60 58 57 55
53 51 50 48
67 65 63 62
60 58 57 55
53 51 50 48
70 69 67 65
63 62 60 58
57 55 53 51
70 69 67 65
63 62 60 58
57 55 53 51
74 72 70 69
67 66 64 62
60 58 57 55
74 72 70 69
67 66 64 62
60 58 57 62
55 43 55 63
55 43 55 66
55 43 55 67
55 43 55 65
55 43 55 63
55 43 55 62
55 43 55 63
55 43 55 66
55 43 55 67
55 43 55 65
55 43 55 63
55 43 55 62
55 43 55 57
58 60 62 63
66 67 69 70
69 67 65 63
62 60 58 57
55 54 52 50
48 46 43 46
43 46 43 46
43 46 43 46
43 53 51 54
52 55 53 57
55 58 57 60
58 62 60 63
62 65 64 67
66 69 67 70
69 53 51 54
52 55 54 57
55 58 57 60
58 62 60 63
62 65 64 67
66 69 67 70
69 50 50 50
50 50 50 50
50 50 50 50
50 55 50 46
43 55 50 46
43 55 50 46
43 55 55 55
55 55 55 55
55 55 55 55
55 54 54 54
54 54 54 54
54 54 54 54
54 55 50 46
43 55 50 46
43 55 50 46
43 55 55 55
55 55 55 55
55 55 55 55
55 54 54 54
54 54 54 54
54 54 54 54
54 55 55 55
55 58 58 58
58 62 62 62
62 67 67 67
67 70 70 70
70 67 67 67
67 62 62 62
62 58 58 58
58 55 55 55
