55 62 69 65
60 53 43 55
43 43 43 43
43 43 43 43
43 43 43 53
43 43 43 43
43 43 43 43
43 43 43 51
43 43 43 43
43 43 43 43
43 43 43 50
43 43 43 43
43 43 43 43
43 43 43 62
50 50 50 50
50 50 50 50
50 50 50 60
50 50 50 50
50 50 50 50
50 50 50 58
50 50 50 50
50 50 50 50
50 50 50 57
50 50 50 50
50 57 50 57
50 57 50 74
72 70 69 67
66 64 62 60
58 57 55 55
55 55 55 55
55 55 55 55
55 55 55 79
77 75 74 72
70 69 67 65
63 62 60 60
60 60 60 60
60 60 60 60
60 60 60 82
81 79 77 75
74 72 70 69
67 65 63 63
63 63 63 63
63 63 63 63
63 63 63 86
84 82 81 79
78 76 74 72
70 69 67 67
67 67 67 67
67 67 67 67
67 67 67 86
84 82 81 79
78 76 74 72
70 69 67 67
67 67 67 67
67 67 67 67
67 67 74 67
67 67 74 67
67 67 74 67
67 67 50 57
58 60 62 64
66 67 69 57
58 60 62 64
66 67 69 58
60 62 63 66
67 69 70 62
63 66 67 69
70 72 74 62
63 66 67 69
70 72 74 57
58 60 62 64
66 67 69 58
60 62 63 66
67 69 70 62
63 66 67 69
70 72 74 82
79 74 70 82
79 74 70 82
79 74 70 74
70 67 62 74
70 67 62 74
70 67 62 67
62 58 55 67
62 58 55 67
62 58 55 59
55 59 55 59
55 59 55 59
55 59 55 60
55 60 55 60
55 60 55 60
55 60 55 61
55 61 55 61
55 61 55 61
62 57 62 57
62 57 62 57
62 57 62 57
62 57 62 57
62 57 62 57
62 57 62 57
61 57 61 57
61 57 61 57
61 57 61 57
62 50 52 53
55 57 59 61
62 57 59 61
62 64 65 67
69 62 64 65
67 69 70 73
74 69 69 73
73 76 76 81
69 69 69 79
69 69 69 77
69 69 69 76
69 69 69 77
69 69 69 79
69 69 69 81
69 69 69 79
69 69 69 77
69 69 69 76
62 62 65 65
69 69 74 62
62 62 72 62
62 62 70 62
62 62 69 62
62 62 70 62
62 62 73 62
62 62 74 62
62 62 72 62
62 62 70 62
62 62 69 81
81 79 79 77
77 76 76 74
74 72 72 70
70 69 69 67
67 65 65 64
64 62 62 62
59 62 56 57
56 57 56 57
53 55 52 53
50 52 45 50
49 50 49 50
49 50 49 50
49 50 50 50
50 62 65 69
70 50 50 62
67 70 70 52
52 64 67 70
72 69 53 53
60 65 69 69
50 50 62 65
69 65 67 63
51 51 58 63
67 67 48 48
60 63 67 67
50 50 59 62
67 65 50 50
59 62 65 63
51 53 55 56
59 60 62 63
51 53 55 56
59 60 62 63
51 53 55 56
59 60 62 63
63 72 71 72
63 72 71 72
63 72 71 72
65 72 71 72
65 72 71 72
65 72 71 72
67 72 71 72
67 72 71 72
67 71 69 71
72 48 48 48
48 48 48 48
48 48 48 58
48 48 48 48
48 48 48 48
48 48 48 56
48 48 48 48
48 48 48 48
48 48 48 55
48 48 48 48
48 55 48 55
48 55 48 67
63 60 67 63
60 67 63 60
67 63 60 67
63 60 67 63
60 67 62 59
67 62 59 67
62 59 67 62
59 67 62 59
67 62 59 67
63 60 67 63
60 67 63 60
67 63 60 67
63 60 67 63
60 65 62 58
65 62 58 65
62 58 65 62
58 65 62 58
70 67 63 63
67 67 68 68
70 70 72 72
74 74 75 75
70 67 63 75
70 67 63 75
70 67 63 65
68 68 70 70
72 72 74 74
75 75 77 77
72 69 65 77
72 69 65 77
72 69 65 67
70 70 72 72
74 74 75 75
77 77 79 79
74 71 67 79
74 71 67 79
48 48 48 48
48 48 48 48
48 48 48 48
56 48 48 48
56 48 48 48
56 48 48 48
47 47 47 47
47 47 47 47
47 47 47 47
55 46 46 46
55 46 46 46
55 46 46 46
45 45 45 45
45 45 45 45
45 45 45 45
53 44 44 44
53 44 44 44
53 44 44 44
43 55 55 55
55 55 55 55
55 55 55 55
63 55 55 55
63 55 55 55
63 55 55 55
54 54 54 54
54 54 54 54
54 54 54 54
62 53 53 53
62 53 53 53
62 53 53 53
52 52 52 52
52 52 52 52
52 52 52 52
51 60 51 50
50 50 50 54
50 50 55 50
57 50 50 50
58 50 50 50
60 50 50 50
62 50 50 50
64 50 50 50
66 50 50 50
67 50 50 50
69 50 50 50
70 50 50 50
72 50 50 50
74 74 72 70
69 67 66 64
62 60 58 57
55 55 55 55
55 55 55 55
55 55 55 55
55 79 77 75
74 72 70 69
67 65 63 62
60 60 60 60
60 60 60 60
60 60 60 60
60 82 81 79
77 75 74 72
70 69 67 65
63 63 63 63
63 63 63 63
63 63 63 63
63 86 84 82
81 79 78 76
74 72 70 69
67 67 67 67
67 67 67 67
67 67 67 67
74 67 67 67
75 67 67 67
78 67 67 67
79 67 67 67
77 67 67 67
75 67 67 67
74 67 67 67
75 67 67 67
78 67 67 67
79 67 67 67
77 67 67 67
75 67 67 67
67 67 69 70
72 74 75 78
79 81 82 81
79 77 75 74
72 70 69 67
66 63 62 60
58 55 58 55
58 55 58 55
58 55 58 55
63 62 66 64
67 66 69 67
70 69 72 70
74 72 75 74
77 75 79 78
81 79 82 81
63 62 66 64
67 66 69 67
70 69 72 70
74 72 75 74
77 75 79 78
81 79 82 81
62 57 50 45
58 53 46 55
57 55 54 43
46 55 57 55
54 55 55 55
55 58 58 58
58 62 62 62
62 67 67 67
67 70 70 70
70 67 67 67
67 82 79 74
70 79 74 70
67 74 70 67
74 79 74 67
55 55 55 55
55 55 55 55
55 55 55 65
55 55 55 55
55 55 55 55
55 55 55 63
55 55 55 55
55 55 55 55
55 55 55 62
55 55 55 55
55 55 55 55
55 55 55 74
62 62 62 62
62 62 62 62
62 62 62 72
62 62 62 62
62 62 62 62
62 62 62 70
62 62 62 62
62 62 62 62
62 62 62 69
62 62 62 62
62 69 62 69
62 69 62 74
72 70 69 67
66 63 62 60
58 57 55 55
55 55 55 55
55 55 55 55
55 55 55 79
77 75 74 72
70 69 67 65
63 62 60 60
60 60 60 60
60 60 60 60
60 60 60 82
81 79 77 75
74 72 70 69
67 65 63 63
63 63 63 63
63 63 63 63
63 63 63 86
84 82 81 79
78 75 74 72
70 69 67 67
67 67 67 67
67 67 67 67
67 67 67 86
84 82 81 79
78 75 74 72
70 69 67 67
67 67 67 67
67 67 67 67
67 67 74 69
62 74 69 62
74 69 62 74
69 62 74 69
62 72 67 60
72 67 60 72
67 60 72 67
60 72 67 60
70 65 58 70
65 58 70 65
58 70 65 58
70 65 58 69
64 57 69 64
57 69 64 57
69 64 57 69
64 57 74 69
62 74 69 62
74 69 62 74
69 62 74 69
62 72 67 60
72 67 60 72
67 60 72 67
60 72 67 60
70 65 58 70
65 58 70 65
58 70 65 58
70 65 58 69
64 57 69 64
57 69 64 57
69 64 57 69
64 57 67 62
55 79 74 67
67 62 55 79
74 67 72 67
60 69 64 57
77 74 69 62
76 74 69 57
76 73 69 57
74 69 62 74
69 62 74 74
74 74 74 74
74 74 74 74
74 74 74 74
74 74 74 74
74 74 74 74
74 74 74 74
74 74 74 74
74 74 74 74
74 74 74 74
74 74 74 74
74 74 74 74
74 74 74 74
74 74 74 74
74 74 74 74
74 74 74 74
74 74 74 74
74 74 74 74
74 74 74 74
74 74 74 74
74 69 62 79
74 67 72 67
60 77 72 65
70 65 58 75
70 63 68 63
56 74 68 65
59 67 62 55
72 71 68 67
65 63 62 60
72 71 68 67
65 63 62 60
72 71 68 67
65 63 62 60
72 67 60 77
72 65 79 74
67 60 60 60
60 60 60 60
60 60 60 60
60 70 60 60
60 60 60 60
60 60 60 60
60 68 60 60
60 60 60 60
60 60 60 60
60 67 60 60
60 60 60 67
60 67 60 67
60 55 55 55
56 57 57 58
59 59 60 60
60 60 60 60
60 60 60 60
60 60 68 60
60 60 68 60
60 60 68 60
60 60 59 59
59 59 59 59
59 59 59 59
59 59 67 58
58 58 67 58
58 58 67 58
58 58 57 57
57 57 57 57
57 57 57 57
57 57 65 56
56 56 65 56
56 56 65 56
56 56 55 67
67 67 67 67
67 67 67 67
67 67 75 67
67 67 75 67
67 67 75 67
67 67 66 66
66 66 66 66
66 66 66 66
66 66 74 65
65 65 74 65
65 65 74 65
65 65 64 64
64 64 64 64
64 64 64 64
64 64 63 63
63 63 63 63
63 63 63 63
63 63 74 69
62 74 74 72
70 69 67 66
63 62 60 58
57 55 55 55
55 55 55 55
55 55 55 55
55 55 79 77
75 74 72 70
69 67 65 63
62 60 60 60
60 60 60 60
60 60 60 60
60 60 82 81
79 77 75 74
72 70 69 67
65 63 63 63
63 63 63 63
63 63 63 63
63 63 86 84
82 81 79 78
75 74 72 70
59 60 62 63
62 60 59 60
62 63 62 60
55 75 70 63
75 70 63 75
70 63 74 69
62 74 69 62
57 70 65 58
72 67 60 74
69 62 57 55
58 72 67 60
74 69 62 55
55 55 55 58
58 58 58 62
62 62 62 67
67 67 67 70
70 70 70 67
67 67 67 62
62 62 62 58
58 58 58 57
57 57 57 55
31 31 31 31
31 31 31 31
31 31 31 31
31 31 31 31
31 31 31 31
31 31 31 31
31 31 31 31
31 31 31 31
31 31 31 31
31 31 31 31
31 31 31 31
31 31 31 31
38 38 38 38
38 38 38 38
38 38 38 38
38 38 38 38
38 38 38 38
38 38 38 38
38 38 38 38
38 38 38 38
38 38 38 38
38 38 38 38
38 38 38 38
38 38 38 38
31 31 31 29
31 31 34 36
36 36 34 36
36 38 39 39
39 51 51 43
46 51 31 31
31 31 29 31
31 29 31 29
31 31 31 38
31 38 31 38
31 50 38 43
48 38 43 46
38 43 45 38
43 50 38 43
48 38 43 46
38 43 45 31
31 31 31 31
31 31 31 31
31 31 31 31
31 31 31 31
31 31 36 33
38 33 33 38
38 38 37 38
37 38 37 38
37 38 37 38
50 50 48 46
45 43 41 39
38 43 43 41
39 38 36 34
33 31 48 48
46 44 43 41
39 38 36 41
41 40 38 36
34 33 31 29
46 46 45 43
41 39 38 36
34 51 51 50
48 46 44 43
41 39 44 44
43 41 39 37
36 34 32 48
48 47 44 43
41 39 37 36
43 43 41 40
38 36 35 33
31 48 48 47
44 43 41 39
38 36 48 48
47 44 43 41
39 38 36 48
48 47 44 43
41 39 38 36
39 39 39 39
39 39 41 41
41 41 41 41
43 43 43 43
43 43 36 36
36 36 36 36
36 36 36 36
36 36 46 36
36 36 36 36
36 36 36 36
36 36 44 36
36 36 36 36
36 36 36 36
36 36 43 36
36 36 36 36
36 36 36 36
48 36 36 36
36 31 36 48
36 36 36 36
39 39 51 39
39 39 39 31
31 43 43 43
43 31 32 33
45 45 45 45
33 34 35 47
47 47 47 35
36 36 36 36
36 36 36 36
36 36 36 36
36 36 36 36
36 36 36 36
36 36 36 36
35 35 35 35
35 35 35 35
35 35 35 35
34 34 34 34
34 34 34 34
34 34 34 34
33 33 33 33
33 33 33 33
33 33 33 33
32 32 32 32
32 32 32 32
32 32 32 32
31 31 31 31
31 31 31 31
31 31 31 31
43 43 43 43
43 43 43 43
43 43 43 43
42 42 42 42
42 42 42 42
42 42 42 42
41 41 41 41
41 41 41 41
41 41 41 41
40 40 40 40
40 40 40 40
40 40 40 40
39 39 39 39
39 39 39 39
39 39 39 39
38 31 31 31
29 31 31 34
36 36 36 34
36 36 38 39
39 39 51 39
39 39 39 31
29 31 31 29
31 31 31 31
31 31 35 36
38 39 38 36
31 31 46 31
46 31 46 31
46 31 46 31
46 38 38 34
36 38 31 34
36 38 31 31
31 31 34 34
34 34 38 38
38 38 43 43
43 43 46 46
46 46 43 43
43 43 38 38
38 38 34 34
34 34 33 33
33 33 31 46
46 46 46 46
46 46 46 46
46 46 46 46
46 46 46 46
46 46 46 46
46 46 46 57
38 35 35 38
35 35 46 38
35 35 38 35
35 46 38 35
35 38 35 35
49 38 35 35
38 35 35 46
38 35 35 38
35 35 46 38
35 35 38 35
35 57 38 35
35 38 35 35
46 38 35 35
38 35 35 46
38 35 35 38
35 35 49 38
35 35 38 35
35 46 38 35
35 38 35 35
46 38 35 35
38 35 35 46
46 46 46 46
46 57 38 35
35 38 35 35
46 38 35 35
38 35 35 46
38 35 35 38
35 35 49 38
35 35 38 35
35 46 38 35
35 38 35 35
46 38 35 35
38 35 35 57
38 35 35 38
35 35 46 38
35 35 38 35
35 46 38 35
35 38 35 35
49 38 35 35
38 35 35 46
38 35 35 38
35 38 35 57
38 35 35 35
35 38 49 38
47 47 45 45
43 43 43 38
47 45 43 57
35 53 35 53
35 53 35 53
38 35 53 35
53 35 53 35
53 38 35 53
35 53 35 53
35 53 38 35
53 35 53 35
53 35 53 38
35 53 35 53
35 53 35 53
38 35 53 35
53 35 53 35
57 35 53 35
53 35 53 35
53 38 35 53
35 53 35 53
35 53 38 35
53 35 53 35
53 35 53 38
35 53 35 53
35 53 35 53
38 35 53 35
53 35 53 35
53 38 35 53
35 53 38 35
53 38 35 57
35 53 35 53
35 53 35 53
38 35 53 35
53 35 53 35
53 38 35 53
35 53 35 53
35 53 38 35
53 35 53 35
53 35 53 38
35 53 35 53
35 53 35 38
38 35 47 35
45 35 43 35
57 38 35 53
35 53 35 53
35 53 38 35
53 35 53 35
53 35 38 38
35 47 35 45
35 43 35 57
38 35 53 35
53 35 53 35
38 49 38 38
47 47 45 45
43 43 57 38
35 53 35 53
35 53 35 53
38 35 53 35
53 35 53 35
38 49 38 35
47 35 45 35
43 35 57 35
53 38 35 53
35 53 38 35
49 35 53 38
35 53 35 53
38 35 57 35
38 35 35 38
35 57 38 47
47 47 46 45
45 45 45 49
43 43 43 43
57 38 47 47
47 46 45 45
45 45 49 43
43 43 43 57
38 47 47 47
46 45 45 45
45 49 43 43
43 43 57 38
47 47 47 46
45 45 45 45
49 43 43 43
43 57 38 35
47 35 47 35
47 35 46 45
35 45 35 45
35 45 35 49
43 35 43 35
43 35 43 35
57 38 35 47
35 47 35 47
35 46 45 35
45 35 45 35
45 35 49 43
35 43 35 43
35 43 35 57
38 35 47 35
47 35 47 35
46 45 35 45
35 45 35 45
35 49 43 35
43 35 43 35
43 35 57 38
35 47 35 47
35 47 35 46
45 35 45 35
45 35 45 35
49 38 38 47
47 45 45 43
43 57 46 46
49 46 46 57
46 46 35 35
57 38 46 46
46 46 46 35
35 57 38 46
46 46 46 46
35 35 57 38
46 46 46 49
38 38 47 47
45 45 43 43
57 38 35 35
53 35 35 53
38 35 35 53
35 35 53 38
35 35 53 35
35 53 38 35
35 53 35 35
53 38 35 35
53 35 35 53
38 35 35 53
35 35 57 38
35 35 53 35
35 53 38 35
35 53 35 35
53 38 35 35
53 35 35 53
38 35 35 53
35 35 53 38
35 35 53 35
35 53 38 35
35 53 35 35
57 38 35 35
53 35 35 53
38 35 35 53
35 35 53 38
35 35 53 35
35 53 38 35
35 53 35 35
53 38 35 35
53 35 35 53
38 35 35 53
35 35 57 38
35 49 49 57
57 53 46 53
46 53 46 53
46 53 46 53
46 53 46 53
46 53 49 57
53 46 53 46
53 46 53 46
53 46 53 46
53 46 53 46
53 49 46 42
46 42 46 42
46 42 46 42
46 42 46 42
46 42 46 42
35 35 57 38
47 47 45 45
43 57 35 53
35 53 35 53
35 53 38 35
53 35 53 35
53 35 53 38
35 53 35 53
35 53 35 49
38 35 53 35
53 35 53 35
53 38 35 53
35 53 35 53
35 53 38 35
53 35 53 35
53 35 57 35
53 35 53 35
53 35 53 38
35 53 35 53
35 53 35 53
38 35 53 35
53 35 53 35
49 38 35 53
35 53 35 53
35 53 38 35
53 35 53 38
35 53 35 53
38 35 53 38
35 53 38 35
53 38 35 57
35 53 35 53
35 53 35 53
38 35 53 35
53 35 53 35
53 38 35 53
35 53 35 53
35 49 38 35
53 35 53 35
53 35 53 38
35 53 35 53
35 53 35 53
38 35 53 35
53 35 53 35
57 35 53 35
53 35 53 35
53 38 35 53
35 53 35 53
35 53 38 35
53 35 53 35
53 35 49 38
35 53 35 53
35 53 35 53
38 35 53 35
53 35 53 35
53 38 35 53
35 53 35 53
35 57 35 53
35 53 35 53
35 53 38 35
53 35 53 35
53 35 53 38
35 53 38 35
53 38 35 53
38 35 57 38
35 38 38 47
47 45 45 43
49 38 35 35
35 35 57 38
35 38 38 47
47 45 45 43
49 38 35 35
35 35 57 38
35 38 38 47
47 45 45 43
49 38 35 35
35 35 57 38
35 53 35 53
35 53 35 53
38 35 53 35
53 35 53 35
53 38 35 53
35 53 35 53
35 57 38 35
53 35 53 35
53 35 53 38
35 53 35 53
35 53 35 53
38 35 53 35
53 35 53 35
57 38 35 53
35 53 35 53
35 53 38 35
53 35 53 35
53 35 49 38
35 47 45 43
57 38 35 35
38 35 35 46
38 35 35 38
35 35 46 38
35 35 38 35
35 49 38 35
35 38 35 35
46 38 35 35
38 35 35 46
38 35 35 38
35 35 57 38
35 35 38 35
35 46 38 35
35 38 35 35
46 38 35 35
38 35 35 49
38 35 35 38
35 35 46 38
35 35 38 35
38 35 49 38
35 35 35 35
57 35 53 35
53 38 35 53
35 53 35 53
35 53 38 35
53 35 53 35
53 35 53 38
35 53 35 53
38 35 53 35
53 38 35 53
35 53 38 35
53 35 53 38
35 53 35 53
38 35 53 35
53 38 35 53
35 57 35 53
35 53 38 35
53 35 53 35
53 35 53 38
35 53 35 53
35 53 35 53
38 35 53 35
57 38 35 53
35 53 38 35
53 35 53 38
35 53 35 53
38 35 53 35
53 38 35 53
38 35 53 38
35 53 38 35
57 46 46 57
35 53 35 53
38 35 53 35
53 38 35 53
35 53 38 35
53 35 53 38
35 53 35 53
38 35 53 35
57 38 35 53
35 53 38 35
53 35 49 53
38 35 35 53
38 35 53 35
49 38 35 53
35 53 38 35
53 35 57 38
35 53 35 53
38 35 53 35
53 38 35 53
35 53 38 35
53 35 53 38
35 53 35 53
38 35 53 35
57 38 35 53
35 53 38 35
53 35 49 38
35 53 35 53
38 35 53 35
49 38 35 53
35 53 38 35
53 35 57 38
35 53 35 53
38 35 53 35
53 38 35 53
35 53 38 35
53 35 53 38
35 53 35 53
38 35 53 35
57 38 35 53
35 53 38 35
53 35 49 38
35 53 35 53
38 35 53 35
38 49 38 35
35 35 35 57
38 35 53 35
53 38 35 53
35 53 38 35
53 35 53 38
35 53 35 53
38 35 53 35
53 38 35 53
35 57 38 35
53 35 53 38
35 53 35 49
38 35 53 35
53 38 35 53
35 49 38 35
53 35 53 38
35 53 35 57
38 35 53 35
53 38 35 53
35 53 38 35
53 35 53 38
35 53 35 53
38 35 53 35
53 38 35 53
35 57 38 35
53 35 53 38
35 53 35 49
38 35 53 35
53 38 35 53
35 49 38 35
53 35 53 38
35 53 35 57
38 35 53 35
53 38 35 53
35 53 38 35
53 35 53 38
35 53 35 53
38 35 53 35
53 38 35 53
35 57 38 35
53 35 53 38
35 53 35 49
38 35 53 35
53 38 35 53
35 49 38 35
53 38 35 53
38 35 53 38
35 57 38 35
53 35 53 38
35 53 35 53
38 35 53 35
53 38 35 53
35 53 38 35
53 35 53 38
35 53 35 57
38 35 53 35
53 38 35 53
35 49 38 35
53 35 53 38
35 53 35 49
38 35 53 35
53 38 35 53
35 57 38 35
53 35 53 38
35 53 35 53
38 35 53 35
53 38 35 53
35 53 38 35
53 35 53 38
35 53 35 57
38 35 53 35
53 38 35 53
35 49 38 35
53 35 53 38
35 53 35 49
38 35 53 35
53 38 35 53
35 57 38 35
53 35 53 38
35 53 35 53
38 35 53 35
53 38 35 53
35 53 38 35
53 35 53 38
35 53 35 57
38 35 53 35
53 38 35 53
35 49 38 35
53 35 53 38
35 53 35 49
38 35 53 35
53 38 35 53
35 46 46 46
46 46 46 46
46 46 46 46
46 38 49 38
47 47 45 45
43 43 43 38
47 45 43 57
35 53 35 53
35 53 35 53
38 35 53 35
53 35 53 35
53 38 35 53
35 53 35 53
35 53 38 35
53 35 53 35
53 35 53 38
35 53 35 53
35 53 35 53
38 35 53 35
53 35 53 35
57 35 53 35
53 35 53 35
53 38 35 53
35 53 35 53
35 53 38 35
53 35 53 35
53 35 53 38
35 53 35 53
35 53 35 53
38 35 53 35
53 35 53 35
53 38 35 53
35 53 38 35
53 38 35 57
35 53 35 53
35 53 35 53
38 35 53 35
53 35 53 35
53 38 35 53
35 53 35 53
35 53 38 35
53 35 53 35
53 35 53 38
35 53 35 53
35 53 35 38
38 35 47 35
45 35 43 35
57 38 35 53
35 53 35 53
35 38 49 38
38 47 47 45
45 43 43 57
35 53 35 53
38 35 53 35
53 35 53 35
53 38 35 53
35 53 35 53
35 53 38 35
53 35 57 35
53 35 53 38
35 53 35 53
35 53 35 53
38 35 53 35
53 35 53 35
53 38 35 53
35 57 35 53
35 53 38 35
53 35 53 35
53 35 53 38
35 53 35 53
35 53 35 53
38 35 53 35
57 35 53 35
53 38 35 53
35 53 35 53
35 53 38 35
53 35 53 35
53 38 35 53
38 35 53 38
35 46 46 46
46 46 46 57
38 35 53 35
53 38 35 53
35 53 38 35
53 35 53 38
35 53 35 53
38 35 53 35
53 38 35 53
35 57 35 35
35 35 46 35
35 35 35 46
35 35 35 35
57 35 35 35
35 46 35 35
35 35 46 35
35 35 35 57
35 35 35 35
46 35 35 35
35 46 35 35
35 35 57 35
35 35 35 46
35 35 35 35
49 35 35 35
35 57 38 35
46 46 57 38
35 46 46 35
57 38 35 46
46 35 57 38
35 46 46 57
38 35 49 46
35 57 38 35
46 46 35 57
38 35 46 46
35 57 35 53
35 53 38 35
53 35 53 35
53 35 53 38
35 53 35 53
35 53 35 53
38 35 53 35
57 35 53 35
53 38 35 53
35 53 35 53
35 53 38 35
53 35 53 35
53 35 53 38
35 53 35 57
35 53 35 53
38 35 53 35
53 35 53 35
53 38 35 53
35 53 35 53
35 53 38 35
53 35 57 38
