64 68 68 68
66 64 71 71
69 68 68 68
66 64 71 71
69 68 69 71
69 68 66 63
59 64 68 68
68 66 64 71
71 69 68 68
68 66 64 71
71 69 68 69
71 69 68 66
64 71 69 68
69 71 73 71
64 71 69 68
69 71 73 71
64 73 71 69
68 66 64 66
64 64 71 69
68 69 71 73
71 64 71 69
68 69 71 73
71 64 73 71
69 68 66 64
66 71 71 71
71 71 71 71
71 71 71 71
71 71 71 71
71 71 71 71
71 71 73 75
76 75 73 71
69 68 66 64
76 76 76 76
76 64 76 76
76 76 76 64
71 76 71 73
71 76 71 73
71 76 71 73
71 76 71 73
71 71 76 71
73 71 76 71
73 71 64 68
68 68 68 76
76 76 76 76
76 64 71 69
68 69 71 73
71 64 71 69
68 69 71 73
71 64 73 71
69 68 66 64
66 64 56 57
59 57 59 57
56 57 56 57
59 57 59 57
56 57 56 57
59 57 59 57
56 57 56 57
59 61 59 61
63 64 63 64
66 64 66 64
63 64 63 64
66 64 66 64
63 64 63 64
66 68 66 68
69 68 69 68
66 69 68 66
68 66 64 63
61 59 57 56
57 56 57 59
57 59 57 56
57 56 57 59
57 59 57 56
57 56 57 59
57 59 57 56
68 69 68 66
68 69 68 66
59 66 64 63
64 66 68 66
59 66 64 63
64 66 68 66
59 68 66 64
63 61 59 61
59 47 47 47
47 47 47 47
47 47 47 47
47 47 47 47
47 47 47 47
47 47 47 47
47 47 47 47
47 47 47 59
61 63 64 66
68 69 71 59
61 63 64 66
68 69 71 47
47 47 47 47
47 47 47 47
47 47 47 47
47 47 47 45
45 45 45 45
45 45 45 45
45 45 45 45
45 45 45 71
68 71 76 71
76 71 68 71
76 71 76 71
68 71 75 71
75 71 68 71
75 71 75 73
73 70 73 78
73 78 73 70
73 78 73 78
73 70 73 76
73 76 73 70
73 76 73 76
75 75 72 75
80 75 80 75
72 75 80 75
80 75 72 75
78 75 78 75
72 75 78 75
78 76 76 73
76 80 76 80
76 73 76 80
76 80 75 71
75 80 75 80
75 71 75 80
75 80 73 69
73 78 73 78
73 69 73 78
73 78 71 68
71 76 71 76
71 68 71 76
71 76 69 66
69 75 69 75
69 66 69 75
69 75 68 66
68 73 68 73
68 66 68 73
68 73 68 64
68 73 68 73
68 63 68 73
68 73 68 63
68 72 68 72
68 63 68 72
68 72 73 61
68 66 64 66
68 69 68 61
68 66 64 66
68 69 68 61
69 68 66 64
63 61 63 61
68 68 68 68
68 68 68 69
69 70 70 71
71 72 72 73
73 75 73 75
73 75 73 75
73 75 73 75
73 75 73 75
73 68 68 68
66 68 69 69
68 66 66 66
64 66 68 68
69 71 71 71
71 69 68 68
68 68 69 71
71 71 71 69
68 68 68 68
69 71 71 71
73 68 66 59
61 59 63 61
64 61 66 64
66 64 69 68
71 69 59 57
61 59 63 61
64 61 66 64
68 66 69 68
71 69 68 64
68 64 68 64
68 64 69 64
66 64 69 64
66 64 71 64
66 64 71 64
66 64 73 75
76 76 71 76
71 73 71 76
71 73 71 76
71 73 71 76
71 76 64 66
64 68 69 71
73 71 64 71
69 68 69 71
73 71 64 73
71 69 68 66
64 66 64 64
71 69 68 69
71 73 71 64
71 69 68 69
71 73 71 64
73 71 69 68
66 64 66 64
64 68 68 68
66 64 71 71
69 68 68 68
66 64 71 71
69 68 69 71
69 68 66 63
59 64 68 68
68 66 64 71
71 69 68 68
68 66 64 71
71 69 68 69
71 69 68 66
64 71 69 68
69 71 73 71
64 71 69 68
69 71 73 71
64 73 71 69
68 66 64 66
64 64 71 69
68 69 71 73
71 64 71 69
68 69 71 73
71 64 73 71
69 68 66 64
66 64 71 71
71 71 71 71
71 71 71 71
71 71 71 71
71 71 71 71
71 71 71 73
75 76 75 73
71 69 68 66
64 76 76 76
76 76 64 76
76 76 76 76
64 68 68 68
71 76 71 73
71 76 71 73
71 76 71 73
71 76 71 73
71 76 71 73
71 76 71 73
71 64 76 76
76 76 76 76
64 71 69 68
69 71 73 71
64 71 69 68
69 71 73 71
64 73 71 69
68 66 64 66
64 56 57 59
57 59 57 56
57 56 57 59
57 59 57 56
57 56 57 59
57 59 57 56
57 56 57 59
61 59 61 63
64 63 64 66
64 66 64 63
64 63 64 66
64 66 64 63
64 63 64 66
68 66 68 69
68 69 68 66
69 68 66 68
66 64 63 61
59 57 56 57
56 57 59 57
59 57 56 57
56 57 59 57
59 57 56 57
56 57 59 57
59 57 56 68
69 68 66 68
69 68 66 63
66 64 63 64
66 68 66 59
66 64 63 64
66 68 66 59
68 66 64 63
61 59 61 59
47 47 47 47
47 47 47 47
47 47 47 47
47 47 47 47
47 47 47 47
47 47 47 47
47 47 47 47
47 47 59 61
63 64 66 68
69 71 59 61
63 64 66 68
69 71 47 47
47 47 47 47
47 47 47 47
47 47 47 47
47 47 45 45
45 45 45 45
45 45 45 45
45 45 45 45
45 45 44 45
45 45 45 45
45 45 45 45
45 45 45 45
45 45 45 46
47 47 47 47
47 47 47 47
47 47 47 47
47 47 47 47
48 49 49 49
49 49 49 49
49 49 49 49
49 49 49 49
49 49 47 47
47 47 47 47
47 47 47 47
47 47 47 47
47 47 45 56
56 56 56 56
56 56 56 56
56 56 56 56
56 56 56 54
52 52 52 52
52 52 52 52
49 49 49 49
49 49 49 49
44 44 44 44
44 44 44 44
44 44 44 44
44 44 44 44
44 44 44 44
44 44 44 44
44 44 44 44
44 44 44 44
49 61 68 66
64 66 68 69
68 61 68 66
64 66 68 69
68 61 69 68
66 64 63 61
63 61 61 61
61 61 61 61
63 64 64 65
65 66 66 67
67 68 69 68
69 68 69 68
69 68 68 69
68 69 68 69
68 69 68 69
68 69 68 69
68 69 68 69
68 69 68 69
68 69 68 68
68 68 66 68
69 69 68 66
66 66 64 66
68 68 69 71
71 71 71 69
68 68 68 68
69 71 71 71
71 69 68 68
68 68 69 71
71 71 69 68
66 71 69 68
69 71 73 71
64 71 69 68
69 71 73 71
64 73 71 69
68 66 64 66
64 64 71 69
68 69 71 73
71 64 71 69
68 69 71 73
71 64 73 71
69 68 66 64
66 64 59 59
59 59 59 68
68 66 64 64
64 64 68 68
66 64 66 68
66 64 63 59
59 59 59 59
68 68 66 64
64 64 64 68
68 66 64 66
68 66 64 63
68 68 66 64
66 68 69 68
68 68 66 64
66 68 69 68
68 73 71 69
68 63 64 68
68 66 64 66
68 69 68 68
68 66 64 66
68 69 68 68
69 68 66 64
63 64 69 68
69 68 69 68
69 68 71 69
68 66 64 71
69 68 66 64
69 68 69 68
69 68 69 68
71 69 68 66
64 71 69 68
66 64 71 69
68 66 64 68
69 68 69 68
69 68 69 68
69 68 69 68
69 68 69 68
68 68 68 68
68 68 68 64
71 64 66 64
71 64 66 64
71 64 66 64
71 64 66 64
71 64 66 64
71 64 66 64
64 68 66 64
66 68 69 68
68 68 66 64
66 68 69 68
68 69 68 66
64 63 64 52
54 56 54 56
54 52 54 52
54 56 54 56
54 52 54 52
54 56 54 56
54 52 54 52
54 56 57 56
57 59 61 59
61 63 61 63
61 59 61 59
61 63 61 63
61 59 61 59
61 63 64 63
64 66 64 66
64 63 66 64
63 64 63 61
59 57 56 54
52 54 52 54
56 54 56 54
52 54 52 54
56 54 56 54
52 54 52 54
56 54 56 54
52 64 66 64
63 64 66 64
63 63 63 61
59 61 63 64
63 63 63 61
59 61 63 64
63 63 64 63
61 59 58 59
47 47 47 47
47 47 47 47
47 47 47 47
47 47 47 47
47 47 47 47
47 47 47 47
47 47 47 47
47 47 47 47
47 47 47 47
47 47 47 47
47 47 47 47
47 47 45 45
45 45 45 45
45 45 45 45
45 45 45 45
45 45 44 45
45 45 45 45
45 45 45 45
45 45 45 45
45 45 45 46
47 47 47 47
47 47 47 47
47 47 47 47
47 47 47 47
48 49 49 49
49 49 49 49
49 49 49 49
49 49 49 49
49 49 47 47
47 47 47 47
47 47 47 47
47 47 47 47
47 47 45 56
56 56 56 56
56 56 56 56
56 56 56 56
56 56 56 54
52 52 52 52
52 52 52 52
49 49 49 49
49 49 49 49
44 44 44 44
44 44 44 44
44 44 44 44
44 44 44 44
44 44 44 44
44 44 44 44
44 44 44 44
44 44 44 44
49 56 64 63
61 63 64 66
64 64 64 63
61 63 64 66
64 64 66 64
63 61 60 61
64 66 64 66
64 66 64 66
64 64 66 64
66 64 66 64
66 64 64 66
64 66 64 66
64 66 64 66
64 66 64 66
64 66 64 64
64 63 64 66
66 64 63 63
63 61 63 64
64 66 68 68
68 68 66 64
64 64 64 66
68 68 68 68
66 64 64 64
64 66 68 68
68 66 64 63
68 66 64 66
68 69 68 68
68 66 64 66
68 69 68 68
69 68 66 64
63 64 68 68
66 64 66 68
69 68 64 68
66 64 66 68
69 68 68 69
68 66 64 63
64 56 59 59
59 59 52 56
57 59 59 59
59 52 56 57
59 59 61 61
54 56 59 59
59 59 52 56
57 59 59 59
59 52 56 57
59 59 61 61
54 56 52 52
57 52 52 52
52 57 52 52
57 52 63 59
59 56 59 52
52 57 52 59
52 52 57 52
52 57 52 63
59 59 56 59
52 52 57 52
59 52 52 57
52 59 52 56
59 59 59 56
47 47 47 47
47 47 47 47
47 47 47 47
47 47 47 47
54 54 54 54
54 54 54 54
54 54 54 51
51 51 51 47
47 47 47 47
47 47 47 47
47 47 47 47
47 47 47 47
47 47 54 47
47 47 47 47
47 52 47 54
52 47 51 58
54 54 51 47
47 47 47 47
47 47 47 47
47 47 47 47
47 47 47 47
47 47 47 47
47 47 47 47
47 47 47 47
47 47 47 47
47 44 57 58
59 60 61 61
59 57 68 66
64 61 56 56
56 49 49 54
49 56 49 49
54 49 56 54
49 54 60 56
56 52 52 52
52 52 49 49
54 57 57 57
54 51 47 47
47 47 47 47
47 47 47 47
47 47 47 47
47 47 47 47
47 47 47 47
47 47 47 52
52 57 52 59
52 52 57 52
59 57 52 56
63 59 59 56
59 52 52 57
56 59 52 52
57 52 59 57
52 56 63 59
59 56 40 40
40 40 40 40
40 40 40 40
40 40 40 40
40 40 40 40
40 40 40 40
40 40 40 40
40 40 40 40
40 40 40 40
47 40 40 40
40 40 40 40
40 40 40 40
40 47 40 40
40 40 40 40
40 40 40 40
40 40 47 40
40 40 40 40
40 40 40 40
40 40 40 40
40 40 40 40
40 40 40 40
40 40 40 40
40 40 40 40
40 40 40 40
40 40 40 40
40 40 40 42
42 42 42 40
40 40 40 40
40 40 40 42
47 42 44 44
44 44 44 44
44 44 44 44
44 44 44 44
44 44 42 40
40 40 40 40
40 40 40 44
49 44 42 42
42 42 40 40
40 40 40 40
40 40 40 40
40 40 40 40
40 40 40 40
40 40 42 42
44 44 45 44
42 40 40 40
40 40 40 40
40 40 40 40
40 40 40 47
40 40 40 40
40 40 40 40
40 40 40 40
47 28 28 28
28 28 28 28
28 28 28 28
28 28 28 28
28 28 28 28
28 28 28 28
28 28 28 28
28 28 28 28
28 28 28 35
28 28 28 28
28 28 28 28
28 28 28 28
35 28 28 28
28 28 28 28
28 28 28 28
28 35 28 28
28 28 28 28
28 28 28 28
28 28 28 28
28 28 28 28
28 28 28 28
28 28 28 28
28 28 28 28
28 28 28 28
28 28 28 28
28 28 30 30
30 30 28 28
28 28 28 28
28 28 30 35
30 32 32 32
32 32 32 32
32 32 32 32
32 32 32 32
32 30 28 28
28 28 28 28
28 28 32 37
32 30 30 30
30 28 28 28
28 28 28 28
28 28 28 28
28 28 28 28
28 28 28 28
28 30 30 32
32 33 32 30
28 28 28 28
28 28 28 28
28 28 28 28
28 28 35 28
28 28 28 28
28 28 28 28
28 28 28 35
68 71 64 68
69 71 64 68
69 71 71 73
73 66 68 71
64 68 69 71
64 68 69 71
71 73 73 66
68 64 69 64
64 64 69 64
64 69 64 75
71 68 71 64
69 64 71 64
69 64 64 69
64 75 71 68
71 64 69 64
71 64 69 64
71 64 68 71
71 68 59 59
66 63 59 59
59 59 66 59
59 64 59 66
64 59 63 70
66 59 59 59
59 59 59 57
56 57 58 59
60 61 61 59
57 68 66 64
61 56 61 68
61 66 61 68
61 66 61 68
66 61 66 72
68 64 64 64
64 64 61 61
66 69 69 69
66 63 59 59
59 59 59 59
59 59 59 59
59 59 59 59
59 59 59 59
59 59 59 59
59 59 59 64
69 64 71 64
69 64 71 69
64 68 75 71
68 71 64 69
68 71 64 69
64 71 69 64
68 75 71 71
68 64 64 64
64 57 58 59
64 64 64 64
57 58 59 64
64 64 64 64
59 64 52 71
59 52 64 64
64 64 64 52
71 59 52 64
64 64 64 64
59 64 52 71
59 64 59 64
64 59 64 59
64 59 64 59
63 59 63 59
63 59 63 59
64 59 64 59
64 59 64 59
66 59 66 59
66 59 66 59
64 59 64 59
64 59 64 59
63 59 63 59
63 59 63 59
64 59 64 59
64 59 64 59
59 59 59 59
59 59 66 71
59 66 54 59
59 59 59 59
59 57 56 57
58 59 60 61
61 59 57 68
66 64 61 56
61 61 61 61
61 61 68 73
61 68 56 61
61 61 61 61
66 66 66 66
59 59 59 59
64 64 64 59
64 64 64 59
64 64 64 59
64 64 64 59
64 64 64 59
64 64 64 59
59 64 64 66
66 68 68 69
68 66 64 64
64 59 64 64
64 64 63 64
52 71 59 52
64 64 64 64
64 59 64 52
