62 67 67 67
67 67 62 59
62 67 62 59
62 67 67 67
67 67 62 59
62 67 62 59
62 67 69 71
69 67 66 62
69 74 74 74
74 74 69 66
69 74 69 66
69 74 74 74
74 74 69 66
69 74 69 66
69 74 76 78
76 74 73 69
69 74 69 68
69 74 69 68
69 74 71 67
71 74 71 67
71 74 71 68
71 74 71 68
71 76 73 69
73 76 73 69
73 78 73 70
73 78 73 70
73 78 74 71
74 78 74 71
74 79 74 71
74 79 74 71
74 73 69 74
66 67 74 69
73 74 74 74
67 77 77 76
76 76 69 79
79 78 74 74
67 65 65 64
76 76 69 67
67 66 74 69
67 69 66 71
69 71 67 72
71 72 69 71
69 71 67 69
67 69 66 71
69 71 67 72
71 72 69 71
69 71 67 69
66 67 59 60
67 62 66 67
62 67 67 67
67 67 62 59
62 67 62 59
62 67 67 67
67 67 62 59
62 67 62 59
62 67 69 71
69 67 66 62
74 74 79 74
79 74 79 74
79 76 79 76
79 76 79 76
79 74 79 74
79 74 79 74
79 76 76 76
81 76 81 76
81 76 81 78
81 78 81 78
81 78 81 76
81 76 81 76
81 76 81 78
78 78 83 78
83 78 83 78
83 79 83 79
83 79 83 79
83 78 83 78
83 78 83 78
83 79 79 79
84 79 84 79
84 79 84 78
81 78 81 78
81 78 81 78
83 78 83 78
83 78 83 76
79 76 79 76
79 76 79 76
81 76 81 76
81 76 81 74
78 74 78 74
78 74 78 74
79 74 79 74
79 74 79 73
69 69 73 69
67 69 73 69
67 69 76 69
67 69 76 69
67 69 79 69
67 69 79 69
67 69 78 69
67 66 64 73
74 74 74 74
74 69 66 69
74 69 66 69
74 74 74 74
74 69 66 69
74 69 66 69
74 76 78 76
74 73 69 73
76 73 69 73
76 79 79 79
79 73 69 73
76 73 69 73
76 79 79 79
79 78 74 62
67 62 60 62
67 62 60 62
67 69 71 72
74 65 64 60
59 60 64 60
59 60 69 71
73 74 76 67
66 62 61 62
66 62 61 62
71 73 75 76
78 69 67 64
63 64 67 64
63 64 73 74
76 78 79 71
70 66 67 66
73 66 67 66
64 66 67 66
73 66 67 66
64 66 67 66
73 66 67 66
76 66 67 66
76 66 67 66
74 73 71 70
71 71 71 71
71 71 66 62
66 71 66 62
66 71 71 71
71 71 66 62
66 71 66 62
71 73 73 73
73 73 70 71
70 73 70 71
70 73 73 73
73 73 70 71
70 73 70 71
70 74 71 74
79 79 79 79
79 76 72 76
79 76 72 76
78 78 78 78
78 74 71 74
78 74 71 74
76 76 76 76
76 72 69 72
76 72 69 72
74 74 74 74
74 71 67 71
74 71 67 71
72 72 72 72
72 69 66 69
72 69 66 72
71 67 69 71
72 74 76 74
72 71 69 67
77 77 76 69
71 73 74 76
74 73 71 69
79 79 78 71
73 75 76 78
76 75 73 71
81 81 79 72
83 81 79 78
76 74 74 72
71 81 79 78
76 74 72 71
69 79 78 76
74 72 71 69
72 78 76 74
72 71 69 72
78 76 74 72
71 67 71 67
71 67 71 67
72 67 71 67
74 67 71 67
76 67 71 67
71 67 71 67
72 67 71 67
74 67 71 67
76 67 71 67
59 67 71 67
60 67 71 67
62 67 71 67
64 67 71 67
59 67 71 67
60 67 71 67
62 67 71 67
64 67 71 67
59 67 71 67
60 67 71 67
62 67 71 67
67 67 67 67
67 62 59 62
67 62 59 62
67 67 67 67
67 62 59 62
67 62 59 62
67 69 71 69
67 66 72 71
69 78 76 74
81 79 78 84
82 81 82 75
74 73 74 69
67 66 67 63
62 61 62 66
64 62 69 66
64 62 72 69
67 66 74 70
69 67 82 81
79 78 79 75
74 73 74 81
79 78 79 75
74 73 74 72
70 69 70 69
67 66 67 82
84 82 81 79
78 79 78 76
74 73 74 70
72 70 69 67
66 67 74 72
70 69 67 71
71 71 71 67
67 62 59 62
67 62 59 62
67 67 67 67
67 62 59 62
67 62 59 62
67 69 71 69
67 66 62 74
74 67 77 77
76 76 76 69
79 79 78 74
74 67 65 65
64 76 76 69
67 67 66 74
69 67 69 66
71 69 71 67
72 71 72 69
71 69 71 67
69 67 69 66
71 69 71 67
72 71 72 69
71 69 71 67
69 66 67 59
60 67 62 66
67 62 67 67
67 67 67 62
59 62 67 62
59 62 67 67
67 67 71 72
74 72 71 69
66 62 66 69
66 62 66 69
69 74 74 74
74 74 69 66
69 74 69 66
69 74 74 74
74 78 79 81
79 78 76 73
69 73 76 73
69 73 69 74
69 71 74 71
71 76 71 73
76 73 73 78
73 74 78 74
74 79 74 76
69 73 76 78
66 69 74 74
71 67 71 69
64 61 69 66
69 74 69 66
69 74 69 67
69 71 72 74
67 67 67 67
72 76 72 69
71 73 74 76
69 69 69 66
69 74 69 67
69 71 72 74
62 60 60 67
72 76 72 69
71 73 74 76
64 62 62 66
69 74 69 66
62 67 62 69
62 67 62 66
62 67 62 69
62 67 62 66
62 66 69 71
67 62 67 64
60 57 60 62
57 54 62 59
62 67 67 67
67 67 62 59
62 67 62 59
62 67 67 67
67 71 72 74
72 71 69 74
78 74 69 74
78 74 67 67
71 67 67 72
67 67 71 67
67 72 76 72
67 72 76 72
69 69 73 69
69 74 69 69
73 69 69 74
78 74 69 74
78 74 71 71
75 71 71 76
71 71 75 71
71 76 79 76
71 76 79 76
72 64 69 72
71 60 67 71
69 59 66 69
67 67 57 64
67 67 73 69
73 76 69 76
73 74 64 66
69 74 74 74
74 74 69 66
69 74 69 66
69 74 74 74
74 78 79 81
79 78 76 79
79 79 73 69
73 76 73 69
73 76 76 79
79 79 73 69
73 76 73 69
73 76 74 69
66 69 62 67
74 62 67 69
71 69 67 64
76 64 69 71
73 71 69 66
78 78 66 71
73 75 73 71
67 79 78 76
74 76 79 73
70 64 61 64
70 73 70 71
66 64 62 61
59 59 66 71
71 71 71 71
66 62 66 71
66 62 66 71
71 71 71 70
66 61 66 70
66 61 70 73
73 73 73 70
66 61 66 70
66 61 70 73
73 73 73 71
67 72 72 72
72 72 69 66
69 72 69 66
69 71 71 71
71 71 67 64
67 71 67 64
67 69 69 69
69 69 66 62
66 69 66 62
66 67 67 67
67 67 64 60
64 67 64 60
64 69 66 62
66 69 66 62
69 67 74 72
67 76 74 69
78 76 71 72
71 69 74 71
69 67 72 69
67 66 71 67
66 64 69 66
64 62 55 55
55 57 57 59
59 60 60 55
55 57 57 59
59 60 60 55
55 57 57 59
59 60 60 55
55 57 57 59
59 60 60 55
55 57 57 62
62 62 67 67
67 67 67 62
59 62 67 62
59 62 67 67
67 67 71 72
74 72 71 69
62 62 62 62
62 62 62 62
62 62 62 62
62 62 62 62
62 62 62 62
62 62 62 62
62 62 62 62
62 62 62 62
62 62 62 62
62 62 62 62
62 62 62 62
62 62 62 62
62 62 62 62
62 62 62 62
62 62 62 62
62 62 62 62
62 62 62 67
67 67 67 67
62 59 62 67
62 59 62 67
67 67 67 71
72 74 72 71
69 69 74 69
66 69 74 69
67 69 71 72
74 67 67 67
67 72 76 72
69 71 73 74
76 69 69 69
66 69 74 69
67 69 71 72
74 62 60 60
67 72 76 72
69 71 73 74
76 64 62 62
66 69 74 69
66 62 67 62
69 62 67 62
66 62 67 62
69 62 67 62
66 62 66 69
71 67 62 67
64 60 57 60
62 57 54 62
59 47 47 43
47 50 47 43
47 50 47 43
47 50 47 43
47 50 50 50
52 52 54 45
50 54 50 54
57 54 50 54
57 54 50 54
57 54 50 54
57 57 57 47
47 49 52 54
45 45 50 47
47 50 47 47
52 49 49 52
49 49 54 50
50 54 50 50
55 52 52 45
45 43 47 49
45 45 45 45
45 47 47 47
50 48 48 52
55 49 49 49
52 50 50 54
57 47 47 47
43 43 43 52
55 49 49 49
45 45 45 45
42 38 42 38
43 38 45 38
43 38 42 38
43 38 45 38
43 38 43 43
42 38 38 47
47 43 47 50
47 43 47 50
47 43 47 50
47 43 47 50
50 50 52 52
54 45 54 54
50 54 57 54
50 54 57 54
50 54 57 57
57 47 47 49
52 52 57 52
49 52 57 52
49 52 57 52
57 52 49 45
50 48 48 47
47 47 47 47
47 47 47 48
48 48 48 49
49 49 49 50
50 50 50 51
51 51 51 52
52 52 52 40
40 40 40 42
50 50 54 50
47 50 54 50
47 50 54 50
47 50 54 54
42 46 49 54
49 46 49 54
49 46 49 54
46 42 52 59
52 52 52 52
45 45 45 45
50 50 50 50
43 43 43 43
48 48 48 48
40 42 42 42
47 47 47 47
40 40 40 40
45 42 42 42
42 38 55 55
55 57 57 57
59 59 59 47
43 47 50 47
43 47 50 47
43 47 50 47
43 47 50 50
50 52 52 54
47 43 47 50
47 43 47 50
47 43 47 50
50 50 52 52
54 45 45 45
47 47 47 50
48 48 52 55
49 49 49 52
50 50 54 57
47 47 47 43
43 43 52 55
49 49 49 45
45 45 45 42
38 42 38 43
38 45 38 43
38 42 38 43
38 45 38 43
38 43 43 42
43 43 43 43
55 55 43 43
55 55 43 43
55 55 43 43
55 55 43 43
55 48 49 50
50 50 50 50
50 50 50 50
50 50 43 44
45 57 55 43
42 54 54 42
43 54 54 43
44 56 56 44
45 57 57 45
46 58 58 46
47 59 59 47
47 59 59 47
45 43 42 40
45 50 48 47
55 48 48 49
57 50 48 47
55 48 48 49
57 50 50 50
50 50 50 50
50 50 50 50
48 47 43 45
50 43 43 43
55 55 43 43
55 55 43 43
55 55 43 43
55 55 43 43
55 48 49 50
52 50 48 47
43 47 48 48
47 43 47 48
50 52 50 49
45 49 50 50
49 45 49 50
52 54 52 51
47 51 52 40
52 51 47 51
52 52 52 52
52 52 52 52
50 50 50 50
43 43 43 43
48 48 48 48
42 42 42 42
47 47 47 47
40 40 40 40
45 45 45 45
45 45 45 45
45 45 45 45
45 45 45 45
50 55 57 45
50 50 50 50
50 50 50 50
50 43 44 45
57 57 45 45
57 57 45 45
57 57 45 45
57 57 45 42
54 54 42 42
54 54 42 42
54 54 42 42
54 54 42 47
52 54 42 59
59 47 59 59
47 59 59 47
59 59 47 42
54 54 42 42
54 54 42 42
54 54 42 42
54 54 42 47
59 59 47 42
52 52 42 45
57 57 45 50
50 43 55 55
43 48 48 42
54 54 42 47
47 40 52 52
40 45 45 50
50 43 47 48
49 50 51 52
42 45 50 43
48 42 47 40
45 43 43 55
55 43 43 55
55 43 43 55
55 43 43 55
55 43 43 55
48 49 50 43
55 55 43 43
55 55 43 43
55 55 43 43
55 48 49 50
48 47 55 48
48 49 57 50
48 47 55 48
48 49 57 50
50 50 50 50
50 50 50 50
50 50 48 47
43 45 50 43
67 66 67 62
59 62 55 62
59 62 67 62
59 62 55 62
59 62 67 62
59 62 55 62
59 62 67 62
59 62 67 71
69 67 66 74
73 74 69 66
69 62 69 66
69 74 69 66
69 62 69 66
69 74 69 66
69 62 69 66
69 74 69 66
69 74 78 76
74 73 74 74
76 76 78 78
79 76 74 73
74 69 74 67
74 71 69 67
65 65 64 72
76 69 76 73
71 69 67 67
66 69 74 67
74 71 69 67
65 65 64 72
76 69 76 73
71 69 67 67
66 69 71 72
71 69 71 72
71 69 74 71
69 69 67 67
66 67 62 59
62 55 62 59
62 67 62 59
62 55 62 59
62 67 62 59
62 55 62 59
62 67 79 74
71 67 71 69
67 66 67 64
67 67 69 69
69 69 71 67
71 71 72 72
71 71 69 69
67 67 67 73
76 74 76 69
74 73 74 69
66 69 62 69
66 69 74 69
66 69 62 69
66 69 74 69
66 69 62 69
66 69 74 69
66 69 62 69
71 69 76 73
76 81 76 73
76 69 76 73
69 76 73 76
81 69 76 73
76 79 76 73
76 69 76 73
76 79 76 73
76 78 70 73
70 66 73 70
66 73 71 70
71 71 70 71
66 62 66 59
66 62 66 71
66 62 66 59
66 71 70 71
66 62 66 59
66 62 66 71
66 62 71 70
73 66 65 66
61 58 61 54
61 58 61 66
61 58 61 54
61 66 65 66
61 58 61 54
61 58 61 66
61 58 61 62
66 67 71 72
69 72 71 67
71 69 66 69
67 64 67 66
67 65 65 64
67 67 66 69
69 67 72 69
71 67 69 66
67 64 66 67
67 66 67 62
59 62 55 62
59 62 67 62
59 62 55 62
59 62 67 62
59 62 55 62
59 62 67 62
59 62 67 71
69 67 66 67
66 67 62 59
62 55 62 59
62 67 62 59
62 55 62 59
62 67 62 59
62 67 71 69
67 66 69 67
74 72 71 69
67 65 65 64
72 76 69 76
73 71 69 67
67 66 69 74
67 74 71 69
67 65 65 64
72 76 69 76
73 71 69 67
67 66 69 71
72 71 69 71
72 71 69 74
71 69 69 67
