57 57 57 58
57 57 58 57
57 57 58 57
57 58 57 55
57 58 57 55
57 57 57 58
57 57 58 57
57 57 58 57
57 58 57 55
57 58 57 55
57 57 57 60
50 50 50 55
55 55 58 48
48 53 57 57
57 58 57 57
57 58 57 57
57 58 57 55
57 58 57 55
57 55 57 58
55 53 57 57
57 58 57 57
58 57 57 57
58 57 57 58
57 55 57 58
57 55 57 57
57 60 50 50
50 55 55 55
58 48 48 53
57 57 57 58
57 57 57 58
57 57 57 58
57 55 57 58
57 55 57 55
57 58 55 53
48 41 48 41
48 41 48 41
48 41 48 41
48 41 48 41
48 41 50 43
55 48 48 41
48 41 48 41
48 41 48 41
48 41 48 41
48 41 48 41
50 43 55 48
60 53 60 53
65 58 65 58
62 55 67 60
60 53 48 41
48 41 48 41
48 41 48 41
48 41 48 41
55 48 48 41
48 41 55 48
60 53 48 41
48 41 48 41
48 41 48 41
48 41 48 41
48 41 48 41
50 43 55 48
60 53 60 53
65 58 65 58
62 55 67 60
60 53 60 53
48 41 48 41
48 41 48 41
48 41 48 41
48 41 55 48
48 41 48 41
55 48 60 53
57 57 57 58
57 57 58 57
57 57 58 57
57 58 57 55
57 58 57 55
57 57 57 58
57 57 58 57
57 57 58 57
57 58 57 55
57 58 57 55
57 57 57 60
50 50 50 55
55 55 58 48
48 53 57 57
57 58 57 57
57 58 57 57
57 58 57 55
57 58 57 55
57 55 57 58
55 53 57 57
57 58 57 57
58 57 57 57
58 57 57 58
57 55 57 58
57 55 57 57
57 60 50 50
50 55 55 55
58 48 48 53
57 57 57 58
57 57 57 58
57 57 57 58
57 55 57 58
57 55 57 55
57 58 55 53
48 41 48 41
48 41 48 41
48 41 48 41
48 41 48 41
48 41 50 43
55 48 48 41
48 41 48 41
48 41 48 41
48 41 48 41
48 41 48 41
50 43 55 48
60 53 60 53
65 58 65 58
62 55 67 60
60 53 48 41
48 41 48 41
48 41 48 41
48 41 48 41
55 48 48 41
48 41 55 48
60 53 48 41
48 41 48 41
48 41 48 41
48 41 48 41
48 41 48 41
50 43 55 48
60 53 60 53
65 58 65 58
62 55 67 60
60 53 60 53
48 41 48 41
48 41 48 41
48 41 48 41
48 41 55 48
48 41 48 41
55 48 60 53
