59 59 60 60
40 59 59 55
47 64 64 40
67 67 59 72
72 40 74 72
71 67 59 67
59 71 71 76
76 40 71 71
67 59 67 67
40 69 69 59
67 67 47 69
67 66 63 57
63 57 59 59
60 60 47 59
59 54 63 63
47 66 66 63
57 72 72 47
74 72 71 66
63 66 63 57
71 71 78 78
69 75 75 66
71 71 63 69
69 59 67 66
40 67 66 64
59 55 59 55
59 59 47 60
60 40 59 59
55 47 64 64
40 67 67 59
72 72 40 74
72 71 67 59
67 59 71 71
76 76 68 40
71 71 62 68
68 59 71 71
56 74 74 45
76 74 72 69
64 69 64 72
72 69 64 72
72 45 71 71
64 60 69 69
45 67 67 60
57 66 66 40
67 66 64 59
55 59 55 67
66 59 55 64
64 47 66 64
63 57 54 63
63 57 54 69
67 66 64 40
59 55 64 62
61 62 72 50
66 57 72 74
72 71 70 72
55 71 62 66
69 59 62 67
66 61 58 64
67 45 66 50
60 66 64 62
61 64 43 62
59 50 59 58
59 69 47 69
63 54 69 71
69 67 47 66
69 40 67 59
55 59 55 67
69 40 67 66
42 64 63 58
64 66 61 58
42 67 69 70
71 47 66 63
57 59 62 61
62 72 50 66
57 72 74 72
71 70 72 55
71 62 66 69
59 62 67 66
61 58 64 67
45 66 50 60
66 64 62 61
64 43 62 59
50 59 58 59
69 47 69 63
54 69 71 69
67 47 66 69
40 67 59 55
59 55 67 69
40 67 66 42
64 63 58 64
66 61 58 42
67 69 70 71
47 66 63 57
59 59 71 68
64 40 59 56
52 59 64 40
59 64 56 68
71 47 73 71
66 63 57 63
57 59 69 66
63 47 59 57
54 63 59 47
63 66 63 57
69 69 40 71
69 68 64 59
52 59 68 66
65 49 61 60
56 61 63 59
65 66 49 68
71 54 73 71
69 61 54 66
65 66 68 54
70 68 64 66
58 49 64 66
58 64 64 47
66 64 63 57
47 59 71 68
64 40 59 56
52 59 64 40
59 64 56 68
71 47 73 71
66 63 57 63
57 59 69 66
63 47 59 57
54 63 59 47
63 66 63 57
69 69 40 71
69 68 64 59
52 59 68 66
65 49 61 60
56 61 63 59
65 66 49 68
71 54 73 71
69 61 54 66
65 66 68 46
66 65 61 58
66 61 54 45
64 63 57 47
66 64 40 59
55 59 59 59
60 60 40 59
59 55 47 64
64 40 67 67
59 72 72 40
74 72 71 67
59 67 59 71
71 76 76 40
71 71 67 59
67 67 40 69
69 59 67 67
47 69 67 66
63 57 63 57
59 59 60 60
47 59 59 54
63 63 47 66
66 63 57 72
72 47 74 72
71 66 63 66
63 57 71 71
78 78 69 75
75 66 71 71
63 69 69 59
67 66 40 67
66 64 59 55
59 55 59 59
47 60 60 40
59 59 55 47
64 64 40 67
67 59 72 72
40 74 72 71
67 59 67 59
71 71 76 76
68 40 71 71
62 68 68 59
71 71 56 74
74 45 76 74
72 69 64 69
64 72 72 69
64 72 72 45
71 71 64 60
69 69 45 67
67 60 57 66
66 40 67 66
64 59 55 59
55 67 66 59
55 64 64 47
66 64 63 57
54 63 63 57
54 69 67 66
64 40 59 55
