63 70 68 67
65 63 65 58
58 68 67 65
63 62 68 68
67 67 65 67
68 70 72 74
63 65 67 68
70 72 62 63
65 67 68 70
60 62 63 65
67 63 62 58
57 58 65 58
57 58 67 58
57 58 69 65
63 65 70 58
70 70 69 67
65 63 62 60
58 62 60 62
60 62 60 62
60 58 58 58
65 63 62 60
58 60 53 53
63 62 60 58
57 63 65 63
65 63 65 63
65 63 62 58
68 67 65 63
62 68 68 70
68 70 68 70
68 70 68 67
67 60 62 63
65 67 68 62
63 65 67 68
70 63 65 67
68 70 72 62
62 63 65 62
60 58 67 68
70 67 65 58
62 63 65 62
60 58 67 68
70 67 65 58
63 70 67 65
63 62 63 63
65 63 65 63
65 63 65 63
65 63 63 63
63 58 63 67
63 58 63 67
58 58 62 65
62 58 62 65
62 58 62 65
62 58 62 65
62 58 63 67
63 58 63 67
58 62 68 67
65 70 68 67
65 63 67 65
63 68 67 65
63 62 65 63
62 67 65 63
62 60 63 62
60 65 63 62
60 58 62 65
62 58 62 65
62 58 62 65
62 58 62 65
62 58 63 67
63 58 63 67
63 60 65 69
65 60 65 69
60 58 62 65
62 58 62 65
58 58 60 65
60 58 60 65
60 57 60 65
60 57 60 65
57 53 58 62
58 53 58 62
58 53 58 62
58 53 58 62
53 53 57 60
57 53 57 60
57 53 57 60
57 53 57 60
57 58 62 65
62 58 62 65
62 58 62 65
62 58 62 65
62 58 63 67
63 58 63 67
63 60 63 60
63 60 65 60
65 62 65 62
65 62 67 62
67 63 67 63
67 63 68 63
68 58 62 65
62 58 62 65
62 58 62 65
62 58 63 67
63 58 62 65
62 58 62 65
62 58 62 65
62 58 63 67
63 58 62 65
62 58 62 65
58 58 63 67
58 58 62 65
62 58 63 67
63 58 63 67
58 55 58 63
58 55 58 63
58 51 55 58
55 51 55 58
55 51 63 67
70 67 63 67
70 67 62 65
70 65 62 65
70 65 62 65
68 65 62 65
68 65 63 67
70 67 63 67
70 67 65 62
70 68 67 65
63 62 67 60
68 67 65 63
62 60 65 58
67 65 63 62
60 58 63 56
65 63 62 60
58 57 62 65
70 65 62 65
70 65 62 65
70 65 62 65
70 65 63 67
70 67 63 67
70 67 65 69
72 69 65 69
72 69 62 65
70 65 62 65
70 65 60 65
70 65 60 65
70 65 60 65
69 65 60 65
69 60 58 62
65 62 58 62
65 62 58 62
65 62 58 62
65 62 57 60
65 60 57 60
65 60 57 60
63 60 57 60
63 60 62 65
70 65 62 65
70 65 62 65
68 65 62 65
68 65 63 67
70 67 63 67
70 67 63 68
63 68 65 68
65 68 65 70
65 70 67 70
67 70 67 72
67 72 68 72
68 72 62 65
70 65 62 65
70 65 62 65
70 65 63 67
70 67 62 65
70 65 62 65
70 65 62 65
70 65 63 67
70 67 62 65
70 65 62 65
70 65 63 67
70 67 62 65
70 65 63 67
70 67 63 67
70 67 58 63
67 63 58 63
67 63 55 58
63 58 55 58
