64 52 59 67
71 59 64 52
59 67 71 59
64 52 59 59
52 67 66 59
67 66 64 66
59 67 69 71
72 57 76 72
64 71 71 64
72 71 69 69
57 72 69 64
67 66 64 67
66 64 63 47
57 64 66 57
67 69 71 63
47 57 64 66
57 67 69 71
67 52 59 66
67 66 64 59
64 52 59 71
59 76 52 59
71 59 67 52
59 66 67 66
64 59 70 54
66 64 58 66
67 58 66 70
54 66 64 58
66 67 58 66
66 54 58 67
66 64 66 58
67 69 71 72
74 76 54 58
74 73 58 74
47 59 73 71
59 73 54 58
71 73 71 70
58 71 47 59
59 47 59 71
69 59 71 64
52 59 67 71
59 64 52 59
67 71 59 64
52 59 59 52
67 66 59 67
66 64 66 59
67 69 71 72
57 76 72 64
71 71 64 72
71 69 69 57
72 69 64 67
66 64 67 66
64 63 47 57
64 66 57 67
69 71 63 47
57 64 66 57
67 69 71 67
52 59 66 67
66 64 59 64
52 59 71 59
76 52 59 71
59 67 52 59
66 67 66 64
59 70 54 66
64 58 66 67
58 66 70 54
66 64 58 66
67 58 66 66
54 58 67 66
64 66 58 67
69 71 72 74
76 54 58 74
73 58 74 47
59 73 71 59
73 54 58 71
73 71 70 58
71 47 59 47
59 62 66 59
59 47 59 62
66 59 71 47
59 59 47 69
67 59 66 64
62 61 59 58
54 52 59 61
52 70 54 61
71 73 61 74
47 59 73 71
59 73 71 71
47 59 71 59
68 52 66 64
64 59 66 68
68 59 69 71
68 52 66 64
64 59 66 68
68 59 69 71
72 57 76 72
64 71 72 71
69 64 68 69
57 64 69 64
66 50 64 62
62 57 64 66
66 57 67 69
66 50 64 62
62 57 64 66
66 57 67 69
71 55 74 71
59 74 71 69
67 59 66 67
55 59 66 59
67 52 66 64
64 59 66 67
67 59 69 71
67 52 66 64
64 59 66 67
67 59 69 71
72 57 64 71
64 72 71 69
49 57 67 57
63 47 66 64
59 63 61 59
69 47 72 71
59 69 67 59
66 66 52 67
66 64 59 63
59 64 52 59
59 60 52 62
60 64 60 66
64 69 64 71
69 60 52 62
60 64 60 66
64 69 60 71
69 63 47 64
63 66 57 67
66 71 57 72
71 63 47 64
63 66 57 67
66 71 57 72
71 67 52 71
69 59 67 66
59 67 66 64
66 47 69 67
57 66 67 66
64 57 63 64
52 59 47 59
62 66 59 59
47 59 62 66
59 71 47 59
59 47 69 67
59 66 64 62
61 59 58 54
52 59 61 52
70 54 61 71
73 61 74 47
59 73 71 59
73 71 71 47
59 71 59 68
52 66 64 64
59 66 68 68
59 69 71 68
52 66 64 64
59 66 68 68
59 69 71 72
57 76 72 64
71 72 71 69
64 68 69 57
64 69 64 66
50 64 62 62
57 64 66 66
57 67 69 66
50 64 62 62
57 64 66 66
57 67 69 71
55 74 71 59
74 71 69 67
59 66 67 55
59 66 59 67
52 66 64 64
59 66 67 67
59 69 71 67
52 66 64 64
59 66 67 67
59 69 71 72
57 64 71 64
72 71 69 49
57 67 57 63
47 66 64 59
63 61 59 69
47 72 71 59
69 67 59 66
66 52 67 66
64 59 63 59
64 52 59 59
60 52 62 60
64 60 66 64
69 64 71 69
60 52 62 60
64 60 66 64
69 60 71 69
63 47 64 63
66 57 67 66
71 57 72 71
63 47 64 63
66 57 67 66
71 57 72 71
67 52 71 69
59 67 66 59
67 66 64 66
47 69 67 57
66 67 66 64
57 63 64 52
