52 55 59 40
64 43 47 52
40 55 40 59
40 64 43 67
47 52 55 40
59 40 64 40
67 47 71 52
55 59 40 64
40 67 40 71
52 76 55 59
64 40 71 40
76 40 59 52
64 52 71 52
76 52 71 40
76 40 74 40
72 71 40 69
67 59 66 66
64 59 40 64
40 62 40 60
59 40 57 59
55 54 64 52
59 40 64 40
62 40 60 59
40 57 55 47
54 52 52 64
47 64 52 64
50 48 64 47
45 64 43 42
64 40 52 55
40 54 52 40
55 54 40 52
59 40 63 61
40 59 64 52
52 55 40 54
52 40 55 54
40 52 59 40
63 61 40 59
64 52 59 63
40 61 59 40
63 61 40 59
64 40 67 66
40 64 71 52
59 63 40 61
59 40 63 61
40 59 64 40
67 66 40 64
71 52 64 67
40 66 64 40
67 66 40 64
71 40 75 73
40 71 76 52
64 67 40 66
64 40 67 66
40 64 71 40
75 73 40 71
76 52 64 67
40 66 64 40
67 66 40 64
71 40 75 73
40 71 64 52
71 69 40 71
67 40 69 66
40 67 64 40
59 61 40 63
64 52 59 61
40 63 64 40
59 61 40 63
64 40 55 57
40 59 52 40
59 61 40 63
64 40 59 61
40 63 64 40
55 57 40 59
40 52 50 52
47 40 52 50
52 47 40 50
48 47 48 45
57 55 57 52
45 57 55 57
52 45 57 55
57 54 50 62
60 62 57 50
62 60 62 55
50 60 59 57
59 43 55 54
55 50 43 55
54 55 50 43
54 52 50 52
50 60 59 60
55 50 60 59
60 55 40 57
59 60 57 40
60 59 60 57
40 62 60 62
57 40 59 60
62 59 43 62
60 62 59 44
64 62 64 59
44 61 62 64
61 45 64 62
64 61 46 66
64 66 61 46
63 64 66 63
52 59 64 40
55 47 47 51
52 40 59 64
62 60 59 57
55 54 52 40
47 52 50 48
47 45 43 42
52 40 70 64
61 42 70 64
61 54 70 64
61 54 70 64
61 54 69 63
57 53 47 68
62 59 40 68
62 59 47 68
62 59 47 68
62 59 47 67
61 55 52 45
65 60 57 45
65 60 57 45
69 65 60 50
69 65 60 50
45 47 54 57
63 66 69 40
42 43 43 42
42 43 45 42
43 40 52 45
45 43 48 42
47 40 45 43
42 40 59 61
62 47 62 61
61 62 64 46
61 62 47 59
71 50 50 64
50 48 47 69
48 48 62 48
42 67 47 47
61 47 45 43
66 45 45 59
45 42 64 43
40 42 62 47
60 57 45 59
43 52 54 64
55 55 40 54
45 54 55 63
57 47 54 64
55 40 52 59
57 64 55 54
52 50 57 48
57 55 62 54
52 50 48 55
47 55 54 60
52 50 48 47
54 45 54 52
59 50 48 47
45 52 43 40
57 45 47 51
55 52 54 42
47 52 40 59
61 62 59 62
50 61 52 61
49 62 64 56
54 61 42 62
59 47 59 54
52 71 50 48
47 45 64 43
52 50 69 48
47 45 43 62
42 50 48 67
47 45 43 42
61 40 49 47
66 45 43 42
40 59 42 47
64 52 55 54
46 62 47 61
54 58 42 59
54 47 71 69
67 54 66 64
54 62 60 54
69 47 67 66
52 64 62 52
60 59 52 67
45 66 64 50
62 60 50 59
57 50 66 43
64 62 48 60
59 48 52 55
40 64 62 61
45 59 57 55
63 54 45 71
64 59 52 55
47 63 59 45
64 55 40 64
66 67 64 67
52 66 64 57
66 47 67 69
63 54 66 47
67 64 52 64
62 60 59 72
57 55 72 54
66 62 60 59
57 71 55 54
71 52 64 60
59 57 55 69
54 52 69 50
62 59 57 55
54 67 52 50
67 48 60 57
55 54 52 66
50 48 66 47
59 55 54 64
52 50 64 49
47 64 46 66
61 67 66 61
64 61 62 47
66 71 69 71
66 67 69 67
47 52 50 52
47 48 50 45
64 69 67 69
64 66 67 66
45 50 48 50
45 47 48 47
62 67 66 67
62 64 66 64
49 66 52 67
66 40 64 46
62 59 47 59
59 61 71 62
62 61 70 61
62 70 64 54
61 68 70 71
62 47 62 47
64 49 66 50
66 50 66 49
64 49 62 50
61 52 64 49
66 50 66 47
64 62 47 61
59 57 55 52
64 62 61 45
59 57 55 54
50 62 61 59
43 57 55 54
52 49 61 59
57 42 55 54
52 50 47 59
57 55 40 54
55 52 57 59
60 59 51 57
55 52 47 52
40 42 64 55
43 43 42 42
43 63 54 45
42 64 52 43
71 52 54 71
55 57 67 59
60 69 62 50
52 66 54 55
57 59 67 60
48 50 64 52
54 55 57 66
59 47 48 62
50 52 54 55
64 57 45 47
61 49 50 52
54 62 55 43
45 59 47 49
50 52 61 54
52 58 54 42
59 47 71 62
73 61 75 59
57 75 55 54
73 52 73 64
75 62 76 61
59 73 57 55
75 54 71 59
57 64 55 54
52 50 48 57
55 63 54 59
64 55 60 59
60 57 55 54
52 54 50 59
57 59 55 54
52 50 48 57
59 60 60 48
59 50 71 59
69 60 68 62
40 66 64 59
62 60 45 57
40 42 64 43
43 42 66 42
64 43 63 45
61 59 43 57
55 43 64 60
62 59 60 57
59 55 57 54
60 52 59 50
74 59 72 57
71 55 69 54
67 52 71 50
69 48 72 57
71 55 69 54
67 52 66 50
64 45 66 63
47 64 59 52
59 40 62 47
57 56 52 60
57 45 59 47
56 47 57 45
69 71 72 72
57 71 62 71
59 72 74 56
71 52 72 45
52 54 64 55
55 40 54 45
54 42 55 63
57 47 54 47
64 55 40 52
54 71 55 57
67 59 61 69
62 66 50 52
54 55 69 57
59 67 60 64
48 50 52 54
67 55 57 66
50 50 48 67
47 62 47 67
60 45 62 47
64 48 66 57
50 62 48 67
59 47 62 55
45 64 66 50
66 64 50 64
66 67 49 64
66 50 62 50
52 60 54 59
60 50 62 59
43 67 43 45
65 47 64 65
43 67 64 48
50 52 54 55
57 64 59 60
52 45 62 64
66 67 69 71
45 72 63 47
49 71 51 52
71 54 55 69
57 59 67 52
67 59 69 71
55 54 71 52
55 69 48 69
60 71 72 57
55 72 54 57
71 55 71 52
73 74 59 50
74 52 73 70
54 73 74 76
69 54 73 75
47 66 47 64
63 47 61 59
47 66 67 47
71 55 69 54
67 52 66 54
64 55 67 52
66 47 66 47
64 63 47 61
59 47 66 67
47 71 55 69
54 67 52 66
54 64 55 67
52 66 47 59
47 61 63 45
59 45 64 43
64 43 66 67
40 64 40 63
47 63 59 64
61 66 62 45
59 62 67 64
43 67 64 69
71 67 40 64
67 66 63 47
64 66 67 66
62 47 69 67
64 47 66 67
64 47 66 67
64 40 69 67
64 71 69 67
66 63 47 64
66 67 66 62
47 69 67 64
47 66 67 64
47 66 67 64
40 69 67 64
71 69 67 66
63 47 64 66
67 66 62 47
69 67 64 47
66 67 64 47
66 67 64 40
69 67 64 71
69 67 66 63
66 64 71 62
47 61 59 47
57 64 55 47
64 47 62 69
60 48 59 57
48 55 62 48
62 45 60 67
59 47 57 55
47 54 60 47
60 45 59 66
57 47 55 54
52 59 51 47
49 71 51 52
71 54 55 71
57 69 45 67
47 69 49 50
69 52 54 69
55 62 43 45
67 47 48 67
50 52 67 54
66 42 64 43
66 45 47 66
49 51 66 52
59 40 42 64
55 43 43 42
42 43 63 54
45 45 64 52
44 59 44 60
45 62 59 47
62 59 60 45
44 45 64 59
56 44 42 64
59 59 44 43
64 61 57 42
63 57 54 47
64 59 56 52
