60 48 55 67
60 52 65 62
55 64 60 48
55 62 52 60
55 62 43 50
55 50 43 50
55 50 65 43
64 55 62 50
60 55 59 43
55 65 50 55
65 60 48 55
64 52 55 48
55 64 52 55
62 47 55 64
65 55 67 47
55 69 71 55
60 45 55 62
64 60 55 65
60 45 53 67
60 69 60 59
55 43 53 60
55 62 55 64
59 43 52 65
59 67 59 57
52 41 52 59
57 60 57 62
57 42 50 64
60 60 57 59
55 43 50 55
50 43 55 54
55 62 55 43
50 55 50 43
55 54 55 64
60 48 52 55
52 48 55 54
55 66 60 45
57 60 57 50
62 60 62 67
59 43 50 55
50 43 50 67
59 50 67 62
57 50 66 64
62 60 59 57
55 59 57 50
59 57 66 57
59 60 66 55
57 67 55 43
50 55 50 43
50 55 50 55
43 50 62 55
60 55 59 55
43 50 57 50
55 50 57 50
66 50 57 62
66 62 50 57
60 57 50 59
57 55 54 57
60 50 57 60
57 43 50 59
55 50 43 50
55 50 65 59
55 43 64 62
60 59 55 65
59 55 65 60
48 55 64 60
55 48 55 64
60 55 57 53
41 53 59 57
60 57 62 57
41 50 64 62
65 62 59 55
43 53 60 55
62 55 64 59
43 52 65 59
67 59 60 52
45 55 62 64
60 55 65 60
45 53 67 60
69 60 59 43
50 55 50 43
50 59 55 60
62 55 43 59
57 50 55 64
60 48 65 67
60 52 64 62
43 50 55 50
43 50 59 55
60 62 55 43
59 57 50 55
64 60 48 65
67 60 52 64
62 43 50 55
50 43 50 62
55 67 59 64
60 48 52 62
55 60 55 59
55 43 60 59
50 55 60 55
60 55 48 52
55 60 55 52
55 52 48 52
55 52 60 55
